DayNum,VehId,Trip,Timestamp(ms),Latitude[deg],Longitude[deg],Vehicle Speed[km/h],MAF[g/sec],Engine RPM[RPM],Absolute Load[%],OAT[DegC],Fuel Rate[L/hr],Air Conditioning Power[kW],Air Conditioning Power[Watts],Heater Power[Watts],HV Battery Current[A],HV Battery SOC[%],HV Battery Voltage[V],Short Term Fuel Trim Bank 1[%],Short Term Fuel Trim Bank 2[%],Long Term Fuel Trim Bank 1[%],Long Term Fuel Trim Bank 2[%]
49.6454,455,792,0,42.2439,-83.7198,27.24,NaN,NaN,NaN,-1.50,NaN,1.05,1050,1050,1000,63.4146,373.5,NaN,NaN,NaN,NaN,
49.6454,455,792,800,42.2439,-83.7198,32.28,NaN,NaN,NaN,-1.50,NaN,1.05,1050,1050,1000,63.4146,373.5,NaN,NaN,NaN,NaN,
49.6454,455,792,1000,42.2439,-83.7198,32.28,NaN,NaN,NaN,-1.50,NaN,1.05,1050,1050,1000,63.4146,373.5,NaN,NaN,NaN,NaN,
49.6454,455,792,1800,42.2439,-83.7198,32.28,NaN,NaN,NaN,-1.50,NaN,1.05,1050,1050,1000,63.4146,364,NaN,NaN,NaN,NaN,
49.6454,455,792,1900,42.2439,-83.7198,36.88,NaN,NaN,NaN,-1.50,NaN,1.05,1050,1050,1000,63.4146,364,NaN,NaN,NaN,NaN,
49.6454,455,792,2000,42.2439,-83.7198,36.88,NaN,NaN,NaN,-1.50,NaN,1.05,1050,1050,1000,63.4146,364,NaN,NaN,NaN,NaN,
49.6454,455,792,2900,42.2439,-83.7198,39.94,NaN,NaN,NaN,-1.50,NaN,1.05,1050,1050,1000,63.4146,364,NaN,NaN,NaN,NaN,
49.6454,455,792,3100,42.2439,-83.7194,39.94,NaN,NaN,NaN,-1.50,NaN,1.05,1050,1050,1000,63.4146,364,NaN,NaN,NaN,NaN,
49.6454,455,792,4000,42.2439,-83.7194,41.16,NaN,NaN,NaN,-1.50,NaN,1.05,1050,1050,1000,63.4146,364,NaN,NaN,NaN,NaN,
49.6454,455,792,4100,42.2439,-83.7194,41.16,NaN,NaN,NaN,-1.50,NaN,1.05,1050,1050,1000,63.4146,364,NaN,NaN,NaN,NaN,
49.6454,455,792,5000,42.2439,-83.7194,42.87,NaN,NaN,NaN,-1.50,NaN,1.05,1050,1050,1000,63.4146,364,NaN,NaN,NaN,NaN,
49.6454,455,792,5200,42.2439,-83.7194,42.87,NaN,NaN,NaN,-1.50,NaN,1.05,1050,1050,1000,63.4146,364,NaN,NaN,NaN,NaN,
49.6454,455,792,6000,42.2439,-83.7194,45.95,NaN,NaN,NaN,-1.50,NaN,1.05,1050,1050,1000,63.4146,364,NaN,NaN,NaN,NaN,
49.6454,455,792,6100,42.2439,-83.719,45.95,NaN,NaN,NaN,-1.50,NaN,1.05,1050,1050,1000,63.4146,364,NaN,NaN,NaN,NaN,
49.6454,455,792,6200,42.2439,-83.719,45.95,NaN,NaN,NaN,-1.50,NaN,1.05,1050,1050,1000,63.4146,364,NaN,NaN,NaN,NaN,
49.6454,455,792,6900,42.2439,-83.719,45.95,NaN,NaN,NaN,-1.50,NaN,1.05,1050,1050,1000,63.4146,362,NaN,NaN,NaN,NaN,
49.6454,455,792,7100,42.2439,-83.719,48.98,NaN,NaN,NaN,-1.50,NaN,1.05,1050,1050,1000,63.4146,362,NaN,NaN,NaN,NaN,
49.6454,455,792,7200,42.2439,-83.719,48.98,NaN,NaN,NaN,-1.50,NaN,1.05,1050,1050,1000,63.4146,362,NaN,NaN,NaN,NaN,
49.6454,455,792,8200,42.2439,-83.719,52.03,NaN,NaN,NaN,-1.50,NaN,1.05,1050,1050,1000,63.4146,362,NaN,NaN,NaN,NaN,
49.6454,455,792,8300,42.2439,-83.719,52.03,NaN,NaN,NaN,-1.50,NaN,1.05,1050,1050,1000,63.4146,362,NaN,NaN,NaN,NaN,
49.6454,455,792,9000,42.2439,-83.7185,52.03,NaN,NaN,NaN,-1.50,NaN,1.05,1050,1050,1000,63.4146,362,NaN,NaN,NaN,NaN,
49.6454,455,792,9200,42.2439,-83.7185,54.75,NaN,NaN,NaN,-1.50,NaN,1.05,1050,1050,1000,63.4146,362,NaN,NaN,NaN,NaN,
49.6454,455,792,9400,42.2439,-83.7185,54.75,NaN,NaN,NaN,-1.50,NaN,1.05,1050,1050,1000,63.4146,362,NaN,NaN,NaN,NaN,
49.6454,455,792,10200,42.2439,-83.7185,58.7,NaN,NaN,NaN,-1.50,NaN,1.05,1050,1050,1000,63.4146,362,NaN,NaN,NaN,NaN,
49.6454,455,792,10400,42.2439,-83.7185,58.7,NaN,NaN,NaN,-1.50,NaN,1.05,1050,1050,1000,63.4146,362,NaN,NaN,NaN,NaN,
49.6454,455,792,11300,42.2439,-83.7185,60.41,NaN,NaN,NaN,-1.50,NaN,1.05,1050,1050,1000,63.4146,362,NaN,NaN,NaN,NaN,
49.6454,455,792,11400,42.2439,-83.7185,60.41,NaN,NaN,NaN,-1.50,NaN,1.05,1050,1050,1000,63.4146,362,NaN,NaN,NaN,NaN,
49.6454,455,792,11900,42.2439,-83.7185,60.41,NaN,NaN,NaN,-1.50,NaN,1.05,1050,1050,1000,63.4146,363.5,NaN,NaN,NaN,NaN,
49.6454,455,792,12100,42.2439,-83.7179,60.41,NaN,NaN,NaN,-1.50,NaN,1.05,1050,1050,1000,63.4146,363.5,NaN,NaN,NaN,NaN,
49.6454,455,792,12300,42.2439,-83.7179,61.86,NaN,NaN,NaN,-1.50,NaN,1.05,1050,1050,1000,63.4146,363.5,NaN,NaN,NaN,NaN,
49.6454,455,792,12500,42.2439,-83.7179,61.86,NaN,NaN,NaN,-1.50,NaN,1.05,1050,1050,1000,63.4146,363.5,NaN,NaN,NaN,NaN,
49.6454,455,792,13400,42.2439,-83.7179,62.93,NaN,NaN,NaN,-1.50,NaN,1.05,1050,1050,1000,63.4146,363.5,NaN,NaN,NaN,NaN,
49.6454,455,792,14400,42.2439,-83.7179,64.46,NaN,NaN,NaN,-1.50,NaN,1.05,1050,1050,1000,63.4146,363.5,NaN,NaN,NaN,NaN,
49.6454,455,792,14600,42.2439,-83.7179,64.46,NaN,NaN,NaN,-1.50,NaN,1.05,1050,1050,1000,63.4146,363.5,NaN,NaN,NaN,NaN,
49.6454,455,792,15000,42.2439,-83.7173,64.46,NaN,NaN,NaN,-1.50,NaN,1.05,1050,1050,1000,63.4146,363.5,NaN,NaN,NaN,NaN,
49.6454,455,792,15400,42.2439,-83.7173,65.8,NaN,NaN,NaN,-1.50,NaN,1.05,1050,1050,1000,63.4146,363.5,NaN,NaN,NaN,NaN,
49.6454,455,792,15600,42.2439,-83.7173,65.8,NaN,NaN,NaN,-1.50,NaN,1.05,1050,1050,1000,63.4146,363.5,NaN,NaN,NaN,NaN,
49.6454,455,792,16500,42.2439,-83.7173,67.02,NaN,NaN,NaN,-1.50,NaN,1.05,1050,1050,1000,63.4146,363.5,NaN,NaN,NaN,NaN,
49.6454,455,792,16600,42.2439,-83.7173,67.02,NaN,NaN,NaN,-1.50,NaN,1.05,1050,1050,1000,63.4146,363.5,NaN,NaN,NaN,NaN,
49.6454,455,792,17000,42.2439,-83.7173,67.02,NaN,NaN,NaN,-1.50,NaN,1.05,1050,1050,1000,63.4146,363,NaN,NaN,NaN,NaN,
49.6454,455,792,17500,42.2439,-83.7173,67.83,NaN,NaN,NaN,-1.50,NaN,1.05,1050,1050,1000,63.4146,363,NaN,NaN,NaN,NaN,
49.6454,455,792,17700,42.2439,-83.7173,67.83,NaN,NaN,NaN,-1.50,NaN,1.05,1050,1050,1000,63.4146,363,NaN,NaN,NaN,NaN,
49.6454,455,792,18100,42.2441,-83.7166,67.83,NaN,NaN,NaN,-1.50,NaN,1.05,1050,1050,1000,63.4146,363,NaN,NaN,NaN,NaN,
49.6454,455,792,18600,42.2441,-83.7166,68.69,NaN,NaN,NaN,-1.50,NaN,1.05,1050,1050,1000,63.4146,363,NaN,NaN,NaN,NaN,
49.6454,455,792,19600,42.2441,-83.7166,68.25,NaN,NaN,NaN,-1.50,NaN,1.05,1050,1050,1000,63.4146,363,NaN,NaN,NaN,NaN,
49.6454,455,792,19800,42.2441,-83.7166,68.25,NaN,NaN,NaN,-1.50,NaN,1.05,1050,1050,1000,63.4146,363,NaN,NaN,NaN,NaN,
49.6454,455,792,20600,42.2441,-83.7166,67.28,NaN,NaN,NaN,-1.50,NaN,1.05,1050,1050,1000,63.4146,363,NaN,NaN,NaN,NaN,
49.6454,455,792,20800,42.2441,-83.7166,67.28,NaN,NaN,NaN,-1.50,NaN,1.05,1050,1050,1000,63.4146,363,NaN,NaN,NaN,NaN,
49.6454,455,792,21100,42.2442,-83.716,67.28,NaN,NaN,NaN,-1.50,NaN,1.05,1050,1050,1000,63.4146,363,NaN,NaN,NaN,NaN,
49.6454,455,792,21700,42.2442,-83.716,66.77,NaN,NaN,NaN,-1.50,NaN,1.05,1050,1050,1000,63.4146,363,NaN,NaN,NaN,NaN,
49.6454,455,792,21800,42.2442,-83.716,66.77,NaN,NaN,NaN,-1.50,NaN,1.05,1050,1050,1000,63.4146,363,NaN,NaN,NaN,NaN,
49.6454,455,792,22000,42.2442,-83.716,66.77,NaN,NaN,NaN,-1.50,NaN,1.05,1050,1050,1000,63.4146,371.5,NaN,NaN,NaN,NaN,
49.6454,455,792,22700,42.2442,-83.716,66.06,NaN,NaN,NaN,-1.50,NaN,1.05,1050,1050,1000,63.4146,371.5,NaN,NaN,NaN,NaN,
49.6454,455,792,22900,42.2442,-83.716,66.06,NaN,NaN,NaN,-1.50,NaN,1.05,1050,1050,1000,63.4146,371.5,NaN,NaN,NaN,NaN,
49.6454,455,792,23600,42.2442,-83.716,66.06,NaN,NaN,NaN,-1.50,NaN,1.05,1050,1050,1000,63.4146,371.5,NaN,NaN,NaN,NaN,
49.6454,455,792,23800,42.2442,-83.716,65.28,NaN,NaN,NaN,-1.50,NaN,1.05,1050,1050,1000,63.4146,371.5,NaN,NaN,NaN,NaN,
49.6454,455,792,23900,42.2442,-83.716,65.28,NaN,NaN,NaN,-1.50,NaN,1.05,1050,1050,1000,63.4146,371.5,NaN,NaN,NaN,NaN,
49.6454,455,792,24200,42.2444,-83.7154,65.28,NaN,NaN,NaN,-1.50,NaN,1.05,1050,1050,1000,63.4146,371.5,NaN,NaN,NaN,NaN,
49.6454,455,792,24800,42.2444,-83.7154,65.04,NaN,NaN,NaN,-1.50,NaN,1.05,1050,1050,1000,63.4146,371.5,NaN,NaN,NaN,NaN,
49.6454,455,792,25800,42.2444,-83.7154,65.72,NaN,NaN,NaN,-1.50,NaN,1.05,1050,1050,1000,63.4146,371.5,NaN,NaN,NaN,NaN,
49.6454,455,792,26000,42.2444,-83.7154,65.72,NaN,NaN,NaN,-1.50,NaN,1.05,1050,1050,1000,63.4146,371.5,NaN,NaN,NaN,NaN,
49.6454,455,792,26900,42.2444,-83.7154,66.08,NaN,NaN,NaN,-1.50,NaN,1.05,1050,1050,1000,63.4146,371.5,NaN,NaN,NaN,NaN,
49.6454,455,792,27000,42.2445,-83.7147,66.08,NaN,NaN,NaN,-1.50,NaN,1.05,1050,1050,1000,63.4146,366.5,NaN,NaN,NaN,NaN,
49.6454,455,792,27900,42.2445,-83.7147,67.47,NaN,NaN,NaN,-1.50,NaN,1.05,1050,1050,1000,63.4146,366.5,NaN,NaN,NaN,NaN,
49.6454,455,792,28100,42.2445,-83.7147,67.47,NaN,NaN,NaN,-1.50,NaN,1.05,1050,1050,1000,63.4146,366.5,NaN,NaN,NaN,NaN,
49.6454,455,792,29000,42.2445,-83.7147,67.8,NaN,NaN,NaN,-1.50,NaN,1.05,1050,1050,1000,63.4146,366.5,NaN,NaN,NaN,NaN,
49.6454,455,792,29100,42.2445,-83.7147,67.8,NaN,NaN,NaN,-1.50,NaN,1.05,1050,1050,1000,63.4146,366.5,NaN,NaN,NaN,NaN,
49.6454,455,792,30000,42.2445,-83.7147,69.28,NaN,NaN,NaN,-1.50,NaN,1.05,1050,1050,1000,63.4146,366.5,NaN,NaN,NaN,NaN,
49.6454,455,792,30100,42.2445,-83.7141,69.28,NaN,NaN,NaN,-1.50,NaN,1.05,1050,1050,1000,63.4146,366.5,NaN,NaN,NaN,NaN,
49.6454,455,792,30200,42.2445,-83.7141,69.28,NaN,NaN,NaN,-1.50,NaN,1.05,1050,1050,1000,63.4146,366.5,NaN,NaN,NaN,NaN,
49.6454,455,792,31000,42.2445,-83.7141,69.82,NaN,NaN,NaN,-1.50,NaN,1.05,1050,1050,1000,63.4146,366.5,NaN,NaN,NaN,NaN,
49.6454,455,792,31200,42.2445,-83.7141,69.82,NaN,NaN,NaN,-1.50,NaN,1.05,1050,1050,1000,63.4146,366.5,NaN,NaN,NaN,NaN,
49.6454,455,792,32100,42.2445,-83.7141,70.41,NaN,NaN,NaN,-1.50,NaN,1.05,1050,1050,1000,63.4146,367,NaN,NaN,NaN,NaN,
49.6454,455,792,32200,42.2445,-83.7141,70.41,NaN,NaN,NaN,-1.50,NaN,1.05,1050,1050,1000,63.4146,367,NaN,NaN,NaN,NaN,
49.6454,455,792,33100,42.2445,-83.7134,71.1,NaN,NaN,NaN,-1.50,NaN,1.05,1050,1050,1000,63.4146,367,NaN,NaN,NaN,NaN,
49.6454,455,792,33300,42.2445,-83.7134,71.1,NaN,NaN,NaN,-1.50,NaN,1.05,1050,1050,1000,63.4146,367,NaN,NaN,NaN,NaN,
49.6454,455,792,34200,42.2445,-83.7134,71.52,NaN,NaN,NaN,-1.50,NaN,1.05,1050,1050,1000,63.4146,367,NaN,NaN,NaN,NaN,
49.6454,455,792,34300,42.2445,-83.7134,71.52,NaN,NaN,NaN,-1.50,NaN,1.05,1050,1050,1000,63.4146,367,NaN,NaN,NaN,NaN,
49.6454,455,792,35200,42.2445,-83.7134,72.11,NaN,NaN,NaN,-1.50,NaN,1.05,1050,1050,1000,63.4146,367,NaN,NaN,NaN,NaN,
49.6454,455,792,35400,42.2445,-83.7134,72.11,NaN,NaN,NaN,-1.50,NaN,1.05,1050,1050,1000,63.4146,367,NaN,NaN,NaN,NaN,
49.6454,455,792,36200,42.2446,-83.7127,70.91,NaN,NaN,NaN,-1.50,NaN,1.05,1050,1050,1000,63.4146,367,NaN,NaN,NaN,NaN,
49.6454,455,792,36400,42.2446,-83.7127,70.91,NaN,NaN,NaN,-1.50,NaN,1.05,1050,1050,1000,63.4146,367,NaN,NaN,NaN,NaN,
49.6454,455,792,37100,42.2446,-83.7127,70.91,NaN,NaN,NaN,-1.50,NaN,1.05,1050,1050,1000,63.4146,374,NaN,NaN,NaN,NaN,
49.6454,455,792,37300,42.2446,-83.7127,70.8,NaN,NaN,NaN,-1.50,NaN,1.05,1050,1050,1000,63.4146,374,NaN,NaN,NaN,NaN,
49.6454,455,792,37400,42.2446,-83.7127,70.8,NaN,NaN,NaN,-1.50,NaN,1.05,1050,1050,1000,63.4146,374,NaN,NaN,NaN,NaN,
49.6454,455,792,38300,42.2446,-83.7127,70.61,NaN,NaN,NaN,-1.50,NaN,1.05,1050,1050,1000,63.4146,374,NaN,NaN,NaN,NaN,
49.6454,455,792,38500,42.2446,-83.7127,70.61,NaN,NaN,NaN,-1.50,NaN,1.05,1050,1050,1000,63.4146,374,NaN,NaN,NaN,NaN,
49.6454,455,792,39000,42.2446,-83.712,70.61,NaN,NaN,NaN,-1.50,NaN,1.05,1050,1050,1000,63.4146,374,NaN,NaN,NaN,NaN,
49.6454,455,792,39400,42.2446,-83.712,70.8,NaN,NaN,NaN,-1.50,NaN,1.05,1050,1050,1000,63.4146,374,NaN,NaN,NaN,NaN,
49.6454,455,792,39500,42.2446,-83.712,70.8,NaN,NaN,NaN,-1.50,NaN,1.05,1050,1050,1000,63.4146,374,NaN,NaN,NaN,NaN,
49.6454,455,792,40500,42.2446,-83.712,71.11,NaN,NaN,NaN,-1.50,NaN,1.05,1050,1050,1000,63.4146,374,NaN,NaN,NaN,NaN,
49.6454,455,792,40600,42.2446,-83.712,71.11,NaN,NaN,NaN,-1.50,NaN,1.05,1050,1050,1000,63.4146,374,NaN,NaN,NaN,NaN,
49.6454,455,792,41600,42.2446,-83.712,71.49,NaN,NaN,NaN,-1.50,NaN,1.05,1050,1050,1000,63.4146,374,NaN,NaN,NaN,NaN,
49.6454,455,792,41700,42.2446,-83.712,71.49,NaN,NaN,NaN,-1.50,NaN,1.05,1050,1050,1000,63.4146,374,NaN,NaN,NaN,NaN,
49.6454,455,792,42200,42.2446,-83.712,71.49,NaN,NaN,NaN,-1.50,NaN,1.05,1050,1050,1000,63.4146,366.5,NaN,NaN,NaN,NaN,
49.6454,455,792,42600,42.2446,-83.712,71.72,NaN,NaN,NaN,-1.50,NaN,1.05,1050,1050,1000,63.4146,366.5,NaN,NaN,NaN,NaN,
49.6454,455,792,42700,42.2446,-83.712,71.72,NaN,NaN,NaN,-1.50,NaN,1.05,1050,1050,1000,63.4146,366.5,NaN,NaN,NaN,NaN,
49.6454,455,792,43000,42.2447,-83.7111,71.72,NaN,NaN,NaN,-1.50,NaN,1.05,1050,1050,1000,63.4146,366.5,NaN,NaN,NaN,NaN,
49.6454,455,792,43600,42.2447,-83.7111,71.7,NaN,NaN,NaN,-1.50,NaN,1.05,1050,1050,1000,63.4146,366.5,NaN,NaN,NaN,NaN,
49.6454,455,792,43700,42.2447,-83.7111,71.7,NaN,NaN,NaN,-1.50,NaN,1.05,1050,1050,1000,63.4146,366.5,NaN,NaN,NaN,NaN,
49.6454,455,792,44700,42.2447,-83.7111,71.79,NaN,NaN,NaN,-1.50,NaN,1.05,1050,1050,1000,63.4146,366.5,NaN,NaN,NaN,NaN,
49.6454,455,792,44800,42.2447,-83.7111,71.79,NaN,NaN,NaN,-1.50,NaN,1.05,1050,1050,1000,63.4146,366.5,NaN,NaN,NaN,NaN,
49.6454,455,792,45700,42.2447,-83.7111,71.85,NaN,NaN,NaN,-1.50,NaN,1.05,1050,1050,1000,63.4146,366.5,NaN,NaN,NaN,NaN,
49.6454,455,792,45800,42.2447,-83.7111,71.85,NaN,NaN,NaN,-1.50,NaN,1.05,1050,1050,1000,63.4146,366.5,NaN,NaN,NaN,NaN,
49.6454,455,792,46100,42.2447,-83.7104,71.85,NaN,NaN,NaN,-1.50,NaN,1.05,1050,1050,1000,63.4146,366.5,NaN,NaN,NaN,NaN,
49.6454,455,792,46800,42.2447,-83.7104,71.18,NaN,NaN,NaN,-1.50,NaN,1.05,1050,1050,1000,63.4146,366.5,NaN,NaN,NaN,NaN,
49.6454,455,792,47200,42.2447,-83.7104,71.18,NaN,NaN,NaN,-1.50,NaN,1.05,1050,1050,1000,63.4146,373,NaN,NaN,NaN,NaN,
49.6454,455,792,47800,42.2447,-83.7104,70.76,NaN,NaN,NaN,-1.50,NaN,1.05,1050,1050,1000,63.4146,373,NaN,NaN,NaN,NaN,
49.6454,455,792,47900,42.2447,-83.7104,70.76,NaN,NaN,NaN,-1.50,NaN,1.05,1050,1050,1000,63.4146,373,NaN,NaN,NaN,NaN,
49.6454,455,792,48800,42.2447,-83.7104,70.22,NaN,NaN,NaN,-1.50,NaN,1.05,1050,1050,1000,63.4146,373,NaN,NaN,NaN,NaN,
49.6454,455,792,48900,42.2447,-83.7104,70.22,NaN,NaN,NaN,-1.50,NaN,1.05,1050,1050,1000,63.4146,373,NaN,NaN,NaN,NaN,
49.6454,455,792,49100,42.2447,-83.7097,70.22,NaN,NaN,NaN,-1.50,NaN,1.05,1050,1050,1000,63.4146,373,NaN,NaN,NaN,NaN,
49.6454,455,792,49900,42.2447,-83.7097,69.55,NaN,NaN,NaN,-1.50,NaN,1.05,1050,1050,1000,63.4146,373,NaN,NaN,NaN,NaN,
49.6454,455,792,50000,42.2447,-83.7097,69.55,NaN,NaN,NaN,-1.50,NaN,1.05,1050,1050,1000,63.4146,373,NaN,NaN,NaN,NaN,
49.6454,455,792,50900,42.2447,-83.7097,69.06,NaN,NaN,NaN,-1.50,NaN,1.05,1050,1050,1000,63.4146,373,NaN,NaN,NaN,NaN,
49.6454,455,792,51000,42.2447,-83.7097,69.06,NaN,NaN,NaN,-1.50,NaN,1.05,1050,1050,1000,63.4146,373,NaN,NaN,NaN,NaN,
49.6454,455,792,52000,42.2447,-83.7097,68.61,NaN,NaN,NaN,-1.50,NaN,1.05,1050,1050,1000,63.4146,373,NaN,NaN,NaN,NaN,
49.6454,455,792,52100,42.2447,-83.709,68.61,NaN,NaN,NaN,-1.50,NaN,1.05,1050,1050,1000,63.4146,373,NaN,NaN,NaN,NaN,
49.6454,455,792,52200,42.2447,-83.709,68.61,NaN,NaN,NaN,-1.50,NaN,1.05,1050,1050,1000,63.4146,372.5,NaN,NaN,NaN,NaN,
49.6454,455,792,53000,42.2447,-83.709,69.08,NaN,NaN,NaN,-1.50,NaN,1.05,1050,1050,1000,63.4146,372.5,NaN,NaN,NaN,NaN,
49.6454,455,792,53100,42.2447,-83.709,69.08,NaN,NaN,NaN,-1.50,NaN,1.05,1050,1050,1000,63.4146,372.5,NaN,NaN,NaN,NaN,
49.6454,455,792,54000,42.2447,-83.709,69.45,NaN,NaN,NaN,-1.50,NaN,1.05,1050,1050,1000,63.4146,372.5,NaN,NaN,NaN,NaN,
49.6454,455,792,54100,42.2447,-83.709,69.45,NaN,NaN,NaN,-1.50,NaN,1.05,1050,1050,1000,63.4146,372.5,NaN,NaN,NaN,NaN,
49.6454,455,792,55100,42.2447,-83.709,69.76,NaN,NaN,NaN,-1.50,NaN,1.05,1050,1050,1000,63.4146,372.5,NaN,NaN,NaN,NaN,
49.6454,455,792,55200,42.2448,-83.7084,69.76,NaN,NaN,NaN,-1.50,NaN,1.05,1050,1050,1000,63.4146,372.5,NaN,NaN,NaN,NaN,
49.6454,455,792,56100,42.2448,-83.7084,69.98,NaN,NaN,NaN,-1.50,NaN,1.05,1050,1050,1000,63.4146,372.5,NaN,NaN,NaN,NaN,
49.6454,455,792,56200,42.2448,-83.7084,69.98,NaN,NaN,NaN,-1.50,NaN,1.05,1050,1050,1000,63.4146,372.5,NaN,NaN,NaN,NaN,
49.6454,455,792,57200,42.2448,-83.7084,70.07,NaN,NaN,NaN,-1.50,NaN,1.05,1050,1050,1000,63.4146,369.5,NaN,NaN,NaN,NaN,
49.6454,455,792,57700,42.2448,-83.7084,70.07,NaN,NaN,NaN,-1.50,NaN,1.05,1050,1050,1000,62.1951,369.5,NaN,NaN,NaN,NaN,
49.6454,455,792,58000,42.2448,-83.7077,70.07,NaN,NaN,NaN,-1.50,NaN,1.05,1050,1050,1000,62.1951,369.5,NaN,NaN,NaN,NaN,
49.6454,455,792,58200,42.2448,-83.7077,70.17,NaN,NaN,NaN,-1.50,NaN,1.05,1050,1050,1000,62.1951,369.5,NaN,NaN,NaN,NaN,
49.6454,455,792,58300,42.2448,-83.7077,70.17,NaN,NaN,NaN,-1.50,NaN,1.05,1050,1050,1000,62.1951,369.5,NaN,NaN,NaN,NaN,
49.6454,455,792,59200,42.2448,-83.7077,70.37,NaN,NaN,NaN,-1.50,NaN,1.05,1050,1050,1000,62.1951,369.5,NaN,NaN,NaN,NaN,
49.6454,455,792,59300,42.2448,-83.7077,70.37,NaN,NaN,NaN,-1.50,NaN,1.05,1050,1050,1000,62.1951,369.5,NaN,NaN,NaN,NaN,
49.6454,455,792,60300,42.2448,-83.7077,70.7,NaN,NaN,NaN,-1.50,NaN,1.05,1050,1050,1000,62.1951,369.5,NaN,NaN,NaN,NaN,
49.6454,455,792,60400,42.2448,-83.7077,70.7,NaN,NaN,NaN,-1.50,NaN,1.05,1050,1050,1000,62.1951,369.5,NaN,NaN,NaN,NaN,
49.6454,455,792,61100,42.2448,-83.707,70.7,NaN,NaN,NaN,-1.50,NaN,1.05,1050,1050,1000,62.1951,369.5,NaN,NaN,NaN,NaN,
49.6454,455,792,61300,42.2448,-83.707,70.91,NaN,NaN,NaN,-1.50,NaN,1.05,1050,1050,1000,62.1951,369.5,NaN,NaN,NaN,NaN,
49.6454,455,792,61400,42.2448,-83.707,70.91,NaN,NaN,NaN,-1.50,NaN,1.05,1050,1050,1000,62.1951,369.5,NaN,NaN,NaN,NaN,
49.6454,455,792,62300,42.2448,-83.707,70.91,NaN,NaN,NaN,-1.50,NaN,1.05,1050,1050,1000,62.1951,371.5,NaN,NaN,NaN,NaN,
49.6454,455,792,62400,42.2448,-83.707,71.15,NaN,NaN,NaN,-1.50,NaN,1.05,1050,1050,1000,62.1951,371.5,NaN,NaN,NaN,NaN,
49.6454,455,792,63400,42.2448,-83.707,71.33,NaN,NaN,NaN,-1.50,NaN,1.05,1050,1050,1000,62.1951,371.5,NaN,NaN,NaN,NaN,
49.6454,455,792,63500,42.2448,-83.707,71.33,NaN,NaN,NaN,-1.50,NaN,1.05,1050,1050,1000,62.1951,371.5,NaN,NaN,NaN,NaN,
49.6454,455,792,64100,42.2448,-83.7063,71.33,NaN,NaN,NaN,-1.50,NaN,1.05,1050,1050,1000,62.1951,371.5,NaN,NaN,NaN,NaN,
49.6454,455,792,64400,42.2448,-83.7063,71.38,NaN,NaN,NaN,-1.50,NaN,1.05,1050,1050,1000,62.1951,371.5,NaN,NaN,NaN,NaN,
49.6454,455,792,64500,42.2448,-83.7063,71.38,NaN,NaN,NaN,-1.50,NaN,1.05,1050,1050,1000,62.1951,371.5,NaN,NaN,NaN,NaN,
49.6454,455,792,65500,42.2448,-83.7063,71.61,NaN,NaN,NaN,-1.50,NaN,1.05,1050,1050,1000,62.1951,371.5,NaN,NaN,NaN,NaN,
49.6454,455,792,65600,42.2448,-83.7063,71.61,NaN,NaN,NaN,-1.50,NaN,1.05,1050,1050,1000,62.1951,371.5,NaN,NaN,NaN,NaN,
49.6454,455,792,66500,42.2448,-83.7063,71.44,NaN,NaN,NaN,-1.50,NaN,1.05,1050,1050,1000,62.1951,371.5,NaN,NaN,NaN,NaN,
49.6454,455,792,66600,42.2448,-83.7063,71.44,NaN,NaN,NaN,-1.50,NaN,1.05,1050,1050,1000,62.1951,371.5,NaN,NaN,NaN,NaN,
49.6454,455,792,67200,42.2449,-83.7056,71.44,NaN,NaN,NaN,-1.50,NaN,1.05,1050,1050,1000,62.1951,371.5,NaN,NaN,NaN,NaN,
49.6454,455,792,67300,42.2449,-83.7056,71.44,NaN,NaN,NaN,-1.50,NaN,1.05,1050,1050,1000,62.1951,371,NaN,NaN,NaN,NaN,
49.6454,455,792,67600,42.2449,-83.7056,70.99,NaN,NaN,NaN,-1.50,NaN,1.05,1050,1050,1000,62.1951,371,NaN,NaN,NaN,NaN,
49.6454,455,792,68600,42.2449,-83.7056,71.13,NaN,NaN,NaN,-1.50,NaN,1.05,1050,1050,1000,62.1951,371,NaN,NaN,NaN,NaN,
49.6454,455,792,68700,42.2449,-83.7056,71.13,NaN,NaN,NaN,-1.50,NaN,1.05,1050,1050,1000,62.1951,371,NaN,NaN,NaN,NaN,
49.6454,455,792,69600,42.2449,-83.7056,71.27,NaN,NaN,NaN,-1.50,NaN,1.05,1050,1050,1000,62.1951,371,NaN,NaN,NaN,NaN,
49.6454,455,792,69700,42.2449,-83.7056,71.27,NaN,NaN,NaN,-1.50,NaN,1.05,1050,1050,1000,62.1951,371,NaN,NaN,NaN,NaN,
49.6454,455,792,70000,42.2449,-83.7049,71.27,NaN,NaN,NaN,-1.50,NaN,1.05,1050,1050,1000,62.1951,371,NaN,NaN,NaN,NaN,
49.6454,455,792,70700,42.2449,-83.7049,70.91,NaN,NaN,NaN,-1.50,NaN,1.05,1050,1050,1000,62.1951,371,NaN,NaN,NaN,NaN,
49.6454,455,792,70800,42.2449,-83.7049,70.91,NaN,NaN,NaN,-1.50,NaN,1.05,1050,1050,1000,62.1951,371,NaN,NaN,NaN,NaN,
49.6454,455,792,71700,42.2449,-83.7049,70.54,NaN,NaN,NaN,-1.50,NaN,1.05,1050,1050,1000,62.1951,371,NaN,NaN,NaN,NaN,
49.6454,455,792,71800,42.2449,-83.7049,70.54,NaN,NaN,NaN,-1.50,NaN,1.05,1050,1050,1000,62.1951,371,NaN,NaN,NaN,NaN,
49.6454,455,792,72400,42.2449,-83.7049,70.54,NaN,NaN,NaN,-1.50,NaN,1.05,1050,1050,1000,62.1951,368.5,NaN,NaN,NaN,NaN,
49.6454,455,792,72800,42.2449,-83.7049,70.12,NaN,NaN,NaN,-1.50,NaN,1.05,1050,1050,1000,62.1951,368.5,NaN,NaN,NaN,NaN,
49.6454,455,792,72900,42.2449,-83.7049,70.12,NaN,NaN,NaN,-1.50,NaN,1.05,1050,1050,1000,62.1951,368.5,NaN,NaN,NaN,NaN,
49.6454,455,792,73000,42.2449,-83.7042,70.12,NaN,NaN,NaN,-1.50,NaN,1.05,1050,1050,1000,62.1951,368.5,NaN,NaN,NaN,NaN,
49.6454,455,792,73800,42.2449,-83.7042,69.64,NaN,NaN,NaN,-1.50,NaN,1.05,1050,1050,1000,62.1951,368.5,NaN,NaN,NaN,NaN,
49.6454,455,792,74000,42.2449,-83.7042,69.64,NaN,NaN,NaN,-1.50,NaN,1.05,1050,1050,1000,62.1951,368.5,NaN,NaN,NaN,NaN,
49.6454,455,792,74900,42.2449,-83.7042,69.37,NaN,NaN,NaN,-1.50,NaN,1.05,1050,1050,1000,62.1951,368.5,NaN,NaN,NaN,NaN,
49.6454,455,792,75000,42.2449,-83.7042,69.37,NaN,NaN,NaN,-1.50,NaN,1.05,1050,1050,1000,62.1951,368.5,NaN,NaN,NaN,NaN,
49.6454,455,792,75900,42.2449,-83.7042,68.44,NaN,NaN,NaN,-1.50,NaN,1.05,1050,1050,1000,62.1951,368.5,NaN,NaN,NaN,NaN,
49.6454,455,792,76100,42.2449,-83.7042,68.44,NaN,NaN,NaN,-1.50,NaN,1.05,1050,1050,1000,62.1951,368.5,NaN,NaN,NaN,NaN,
49.6454,455,792,76200,42.2449,-83.7035,68.44,NaN,NaN,NaN,-1.50,NaN,1.05,1050,1050,1000,62.1951,368.5,NaN,NaN,NaN,NaN,
49.6454,455,792,77000,42.2449,-83.7035,67.46,NaN,NaN,NaN,-1.50,NaN,1.05,1050,1050,1000,62.1951,368.5,NaN,NaN,NaN,NaN,
49.6454,455,792,77100,42.2449,-83.7035,67.46,NaN,NaN,NaN,-1.50,NaN,1.05,1050,1050,1000,62.1951,368.5,NaN,NaN,NaN,NaN,
49.6454,455,792,77400,42.2449,-83.7035,67.46,NaN,NaN,NaN,-1.50,NaN,1.05,1050,1050,1000,62.1951,366.5,NaN,NaN,NaN,NaN,
49.6454,455,792,78000,42.2449,-83.7035,66.61,NaN,NaN,NaN,-1.50,NaN,1.05,1050,1050,1000,62.1951,366.5,NaN,NaN,NaN,NaN,
49.6454,455,792,78200,42.2449,-83.7035,66.61,NaN,NaN,NaN,-1.50,NaN,1.05,1050,1050,1000,62.1951,366.5,NaN,NaN,NaN,NaN,
49.6454,455,792,79000,42.245,-83.7029,65.52,NaN,NaN,NaN,-1.50,NaN,1.05,1050,1050,1000,62.1951,366.5,NaN,NaN,NaN,NaN,
49.6454,455,792,79200,42.245,-83.7029,65.52,NaN,NaN,NaN,-1.50,NaN,1.05,1050,1050,1000,62.1951,366.5,NaN,NaN,NaN,NaN,
49.6454,455,792,80100,42.245,-83.7029,64.32,NaN,NaN,NaN,-1.50,NaN,1.05,1050,1050,1000,62.1951,366.5,NaN,NaN,NaN,NaN,
49.6454,455,792,80200,42.245,-83.7029,64.32,NaN,NaN,NaN,-1.50,NaN,1.05,1050,1050,1000,62.1951,366.5,NaN,NaN,NaN,NaN,
49.6454,455,792,81100,42.245,-83.7029,61.25,NaN,NaN,NaN,-1.50,NaN,1.05,1050,1050,1000,62.1951,366.5,NaN,NaN,NaN,NaN,
49.6454,455,792,81300,42.245,-83.7029,61.25,NaN,NaN,NaN,-1.50,NaN,1.05,1050,1050,1000,62.1951,366.5,NaN,NaN,NaN,NaN,
49.6454,455,792,82100,42.245,-83.7023,61.25,NaN,NaN,NaN,-1.50,NaN,1.05,1050,1050,1000,62.1951,366.5,NaN,NaN,NaN,NaN,
49.6454,455,792,82200,42.245,-83.7023,58.06,NaN,NaN,NaN,-1.50,NaN,1.05,1050,1050,1000,62.1951,366.5,NaN,NaN,NaN,NaN,
49.6454,455,792,82300,42.245,-83.7023,58.06,NaN,NaN,NaN,-1.50,NaN,1.05,1050,1050,1000,62.1951,366.5,NaN,NaN,NaN,NaN,
49.6454,455,792,82400,42.245,-83.7023,58.06,NaN,NaN,NaN,-1.50,NaN,1.05,1050,1050,1000,62.1951,378.5,NaN,NaN,NaN,NaN,
49.6454,455,792,83200,42.245,-83.7023,57.37,NaN,NaN,NaN,-1.50,NaN,1.05,1050,1050,1000,62.1951,378.5,NaN,NaN,NaN,NaN,
49.6454,455,792,83400,42.245,-83.7023,57.37,NaN,NaN,NaN,-1.50,NaN,1.05,1050,1050,1000,62.1951,378.5,NaN,NaN,NaN,NaN,
49.6454,455,792,84200,42.245,-83.7023,54.62,NaN,NaN,NaN,-1.50,NaN,1.05,1050,1050,1000,62.1951,378.5,NaN,NaN,NaN,NaN,
49.6454,455,792,84400,42.245,-83.7023,54.62,NaN,NaN,NaN,-1.50,NaN,1.05,1050,1050,1000,62.1951,378.5,NaN,NaN,NaN,NaN,
49.6454,455,792,85100,42.245,-83.7017,54.62,NaN,NaN,NaN,-1.50,NaN,1.05,1050,1050,1000,62.1951,378.5,NaN,NaN,NaN,NaN,
49.6454,455,792,85300,42.245,-83.7017,52.3,NaN,NaN,NaN,-1.50,NaN,1.05,1050,1050,1000,62.1951,378.5,NaN,NaN,NaN,NaN,
49.6454,455,792,86300,42.245,-83.7017,49.87,NaN,NaN,NaN,-1.50,NaN,1.05,1050,1050,1000,62.1951,378.5,NaN,NaN,NaN,NaN,
49.6454,455,792,86500,42.245,-83.7017,49.87,NaN,NaN,NaN,-1.50,NaN,1.05,1050,1050,1000,62.1951,378.5,NaN,NaN,NaN,NaN,
49.6454,455,792,87400,42.245,-83.7017,47.16,NaN,NaN,NaN,-1.50,NaN,1.05,1050,1050,1000,62.1951,379,NaN,NaN,NaN,NaN,
49.6454,455,792,87500,42.245,-83.7017,47.16,NaN,NaN,NaN,-1.50,NaN,1.05,1050,1050,1000,62.1951,379,NaN,NaN,NaN,NaN,
49.6454,455,792,88200,42.245,-83.7013,47.16,NaN,NaN,NaN,-1.50,NaN,1.05,1050,1050,1000,62.1951,379,NaN,NaN,NaN,NaN,
49.6454,455,792,88400,42.245,-83.7013,44.35,NaN,NaN,NaN,-1.50,NaN,1.05,1050,1050,1000,62.1951,379,NaN,NaN,NaN,NaN,
49.6454,455,792,88600,42.245,-83.7013,44.35,NaN,NaN,NaN,-1.50,NaN,1.05,1050,1050,1000,62.1951,379,NaN,NaN,NaN,NaN,
49.6454,455,792,89400,42.245,-83.7013,40.68,NaN,NaN,NaN,-1.50,NaN,1.05,1050,1050,1000,62.1951,379,NaN,NaN,NaN,NaN,
49.6454,455,792,89600,42.245,-83.7013,40.68,NaN,NaN,NaN,-1.50,NaN,1.05,1050,1050,1000,62.1951,379,NaN,NaN,NaN,NaN,
49.6454,455,792,90500,42.245,-83.7013,36.2,NaN,NaN,NaN,-1.50,NaN,1.05,1050,1050,1000,62.1951,379,NaN,NaN,NaN,NaN,
49.6454,455,792,90600,42.245,-83.7013,36.2,NaN,NaN,NaN,-1.50,NaN,1.05,1050,1050,1000,62.1951,379,NaN,NaN,NaN,NaN,
49.6454,455,792,91000,42.245,-83.7009,36.2,NaN,NaN,NaN,-1.50,NaN,1.05,1050,1050,1000,62.1951,379,NaN,NaN,NaN,NaN,
49.6454,455,792,91500,42.245,-83.7009,33.55,NaN,NaN,NaN,-1.50,NaN,1.05,1050,1050,1000,62.1951,379,NaN,NaN,NaN,NaN,
49.6454,455,792,91700,42.245,-83.7009,33.55,NaN,NaN,NaN,-1.50,NaN,1.05,1050,1050,1000,62.1951,379,NaN,NaN,NaN,NaN,
49.6454,455,792,92500,42.245,-83.7009,33.55,NaN,NaN,NaN,-1.50,NaN,1.05,1050,1050,1000,62.1951,378,NaN,NaN,NaN,NaN,
49.6454,455,792,92600,42.245,-83.7009,30.77,NaN,NaN,NaN,-1.50,NaN,1.05,1050,1050,1000,62.1951,378,NaN,NaN,NaN,NaN,
49.6454,455,792,93600,42.245,-83.7009,26.64,NaN,NaN,NaN,-1.50,NaN,1.05,1050,1050,1000,62.1951,378,NaN,NaN,NaN,NaN,
49.6454,455,792,93800,42.245,-83.7009,26.64,NaN,NaN,NaN,-1.50,NaN,1.05,1050,1050,1000,62.1951,378,NaN,NaN,NaN,NaN,
49.6454,455,792,94100,42.245,-83.7006,26.64,NaN,NaN,NaN,-1.50,NaN,1.05,1050,1050,1000,62.1951,378,NaN,NaN,NaN,NaN,
49.6454,455,792,94600,42.245,-83.7006,21.36,NaN,NaN,NaN,-1.50,NaN,1.05,1050,1050,1000,62.1951,378,NaN,NaN,NaN,NaN,
49.6454,455,792,94800,42.245,-83.7006,21.36,NaN,NaN,NaN,-1.50,NaN,1.05,1050,1050,1000,62.1951,378,NaN,NaN,NaN,NaN,
49.6454,455,792,95700,42.245,-83.7006,15.04,NaN,NaN,NaN,-1.50,NaN,1.05,1050,1050,1000,62.1951,378,NaN,NaN,NaN,NaN,
49.6454,455,792,95800,42.245,-83.7006,15.04,NaN,NaN,NaN,-1.50,NaN,1.05,1050,1050,1000,62.1951,378,NaN,NaN,NaN,NaN,
49.6454,455,792,96700,42.245,-83.7006,10.05,NaN,NaN,NaN,-1.50,NaN,1.05,1050,1050,1000,62.1951,378,NaN,NaN,NaN,NaN,
49.6454,455,792,96900,42.245,-83.7006,10.05,NaN,NaN,NaN,-1.50,NaN,1.05,1050,1050,1000,62.1951,378,NaN,NaN,NaN,NaN,
49.6454,455,792,97100,42.245,-83.7004,10.05,NaN,NaN,NaN,-1.50,NaN,1.05,1050,1050,1000,62.1951,378,NaN,NaN,NaN,NaN,
49.6454,455,792,97500,42.245,-83.7004,10.05,NaN,NaN,NaN,-1.50,NaN,1.05,1050,1050,1000,62.1951,377.5,NaN,NaN,NaN,NaN,
49.6454,455,792,97800,42.245,-83.7004,7.55,NaN,NaN,NaN,-1.50,NaN,1.05,1050,1050,1000,62.1951,377.5,NaN,NaN,NaN,NaN,
49.6454,455,792,97900,42.245,-83.7004,7.55,NaN,NaN,NaN,-1.50,NaN,1.05,1050,1050,1000,62.1951,377.5,NaN,NaN,NaN,NaN,
49.6454,455,792,98800,42.245,-83.7004,3.15,NaN,NaN,NaN,-1.50,NaN,1.05,1050,1050,1000,62.1951,377.5,NaN,NaN,NaN,NaN,
49.6454,455,792,99000,42.245,-83.7004,3.15,NaN,NaN,NaN,-1.50,NaN,1.05,1050,1050,1000,62.1951,377.5,NaN,NaN,NaN,NaN,
49.6454,455,792,99700,42.245,-83.7004,0,NaN,NaN,NaN,-1.50,NaN,1.05,1050,1050,1000,61.8293,377.5,NaN,NaN,NaN,NaN,
49.6454,455,792,99800,42.245,-83.7004,0,NaN,NaN,NaN,-1.50,NaN,1.05,1050,1050,1000,61.8293,375,NaN,NaN,NaN,NaN,
49.6454,455,792,100100,42.245,-83.7004,0,NaN,NaN,NaN,-2.00,NaN,1.05,1050,1050,1000,61.8293,375,NaN,NaN,NaN,NaN,
49.6454,455,792,100200,42.245,-83.7004,0,NaN,NaN,NaN,-2.00,NaN,1.0,1000,1000,1250,61.8293,375,NaN,NaN,NaN,NaN,
49.6454,455,792,100900,42.245,-83.7004,0,NaN,NaN,NaN,-2.00,NaN,1.0,1000,1000,1250,61.8293,375,NaN,NaN,NaN,NaN,
49.6454,455,792,103000,42.245,-83.7004,0,NaN,NaN,NaN,-2.00,NaN,1.0,1000,1000,1250,61.8293,375,NaN,NaN,NaN,NaN,
49.6454,455,792,104000,42.245,-83.7004,0,NaN,NaN,NaN,-2.00,NaN,1.0,1000,1000,1250,61.8293,375,NaN,NaN,NaN,NaN,
49.6454,455,792,105000,42.245,-83.7004,0,NaN,NaN,NaN,-2.00,NaN,1.0,1000,1000,1250,61.8293,375,NaN,NaN,NaN,NaN,
49.6454,455,792,106100,42.245,-83.7004,0,NaN,NaN,NaN,-2.00,NaN,1.0,1000,1000,1250,61.8293,375,NaN,NaN,NaN,NaN,
49.6454,455,792,107200,42.245,-83.7004,0,NaN,NaN,NaN,-2.00,NaN,1.0,1000,1000,1250,61.8293,375,NaN,NaN,NaN,NaN,
49.6454,455,792,108300,42.245,-83.7004,0,NaN,NaN,NaN,-2.00,NaN,1.0,1000,1000,1250,61.8293,375,NaN,NaN,NaN,NaN,
49.6454,455,792,110400,42.245,-83.7004,0,NaN,NaN,NaN,-2.00,NaN,1.0,1000,1000,1250,61.8293,375,NaN,NaN,NaN,NaN,
49.6454,455,792,112400,42.245,-83.7004,0,NaN,NaN,NaN,-2.00,NaN,1.0,1000,1000,1250,61.8293,375,NaN,NaN,NaN,NaN,
49.6454,455,792,114500,42.245,-83.7004,0,NaN,NaN,NaN,-2.00,NaN,1.0,1000,1000,1250,61.8293,375,NaN,NaN,NaN,NaN,
49.6454,455,792,114800,42.245,-83.7004,0,NaN,NaN,NaN,-2.00,NaN,1.0,1000,1000,1250,61.8293,375.5,NaN,NaN,NaN,NaN,
49.6454,455,792,115600,42.245,-83.7004,0,NaN,NaN,NaN,-2.00,NaN,1.0,1000,1000,1250,61.8293,375.5,NaN,NaN,NaN,NaN,
49.6454,455,792,116600,42.245,-83.7004,0,NaN,NaN,NaN,-2.00,NaN,1.0,1000,1000,1250,61.8293,375.5,NaN,NaN,NaN,NaN,
49.6454,455,792,118700,42.245,-83.7004,0,NaN,NaN,NaN,-2.00,NaN,1.0,1000,1000,1250,61.8293,375.5,NaN,NaN,NaN,NaN,
49.6454,455,792,119700,42.245,-83.7004,0,NaN,NaN,NaN,-2.00,NaN,1.0,1000,1000,1250,61.8293,375.5,NaN,NaN,NaN,NaN,
49.6454,455,792,121800,42.245,-83.7004,0,NaN,NaN,NaN,-2.00,NaN,1.0,1000,1000,1250,61.8293,375.5,NaN,NaN,NaN,NaN,
49.6454,455,792,122800,42.245,-83.7004,0,NaN,NaN,NaN,-2.00,NaN,1.0,1000,1000,1250,61.8293,375.5,NaN,NaN,NaN,NaN,
49.6454,455,792,124900,42.245,-83.7004,0,NaN,NaN,NaN,-2.00,NaN,1.0,1000,1000,1250,61.8293,375.5,NaN,NaN,NaN,NaN,
49.6454,455,792,127000,42.245,-83.7004,0,NaN,NaN,NaN,-2.00,NaN,1.0,1000,1000,1250,61.8293,375.5,NaN,NaN,NaN,NaN,
49.6454,455,792,127100,42.245,-83.7004,0,NaN,NaN,NaN,-2.00,NaN,1.0,1000,1000,1250,61.8293,375.5,NaN,NaN,NaN,NaN,
49.6454,455,792,129100,42.245,-83.7004,0,NaN,NaN,NaN,-2.00,NaN,1.0,1000,1000,1250,61.8293,375.5,NaN,NaN,NaN,NaN,
49.6454,455,792,130100,42.245,-83.7004,0,NaN,NaN,NaN,-2.00,NaN,1.0,1000,1000,1250,61.8293,375.5,NaN,NaN,NaN,NaN,
49.6454,455,792,131200,42.245,-83.7004,0,NaN,NaN,NaN,-2.00,NaN,1.0,1000,1000,1250,61.8293,375.5,NaN,NaN,NaN,NaN,
49.6454,455,792,132200,42.245,-83.7004,0,NaN,NaN,NaN,-2.00,NaN,1.0,1000,1000,1250,61.8293,375.5,NaN,NaN,NaN,NaN,
49.6454,455,792,133200,42.245,-83.7004,0,NaN,NaN,NaN,-2.00,NaN,1.0,1000,1000,1250,61.8293,375.5,NaN,NaN,NaN,NaN,
49.6454,455,792,134300,42.245,-83.7004,0,NaN,NaN,NaN,-2.00,NaN,1.0,1000,1000,1250,61.8293,375.5,NaN,NaN,NaN,NaN,
49.6454,455,792,136400,42.245,-83.7004,0,NaN,NaN,NaN,-2.00,NaN,1.0,1000,1000,1250,61.8293,375.5,NaN,NaN,NaN,NaN,
49.6454,455,792,138400,42.245,-83.7004,0,NaN,NaN,NaN,-2.00,NaN,1.0,1000,1000,1250,61.8293,375.5,NaN,NaN,NaN,NaN,
49.6454,455,792,139500,42.245,-83.7004,0,NaN,NaN,NaN,-2.00,NaN,1.0,1000,1000,1250,61.8293,375.5,NaN,NaN,NaN,NaN,
49.6454,455,792,140600,42.245,-83.7004,0,NaN,NaN,NaN,-2.00,NaN,1.0,1000,1000,1250,61.8293,375.5,NaN,NaN,NaN,NaN,
49.6454,455,792,141600,42.245,-83.7004,0,NaN,NaN,NaN,-2.00,NaN,1.0,1000,1000,1250,61.8293,375.5,NaN,NaN,NaN,NaN,
49.6454,455,792,142700,42.245,-83.7004,0,NaN,NaN,NaN,-2.00,NaN,1.0,1000,1000,1250,61.8293,375.5,NaN,NaN,NaN,NaN,
49.6454,455,792,143600,42.245,-83.7004,0,NaN,NaN,NaN,-2.00,NaN,1.0,1000,1000,1250,61.8293,375.5,NaN,NaN,NaN,NaN,
49.6454,455,792,143800,42.245,-83.7004,0,NaN,NaN,NaN,-2.00,NaN,1.0,1000,1000,1250,61.8293,375.5,NaN,NaN,NaN,NaN,
49.6454,455,792,144800,42.245,-83.7004,0,NaN,NaN,NaN,-2.00,NaN,1.0,1000,1000,1250,61.8293,375.5,NaN,NaN,NaN,NaN,
49.6454,455,792,145800,42.245,-83.7004,0,NaN,NaN,NaN,-2.00,NaN,1.0,1000,1000,1250,61.8293,375.5,NaN,NaN,NaN,NaN,
49.6454,455,792,147900,42.245,-83.7004,0,NaN,NaN,NaN,-2.00,NaN,1.0,1000,1000,1250,61.8293,375.5,NaN,NaN,NaN,NaN,
49.6454,455,792,149000,42.245,-83.7004,0,NaN,NaN,NaN,-2.00,NaN,1.0,1000,1000,1250,61.8293,375.5,NaN,NaN,NaN,NaN,
49.6454,455,792,150000,42.245,-83.7004,0,NaN,NaN,NaN,-2.00,NaN,1.0,1000,1000,1250,61.8293,375.5,NaN,NaN,NaN,NaN,
49.6454,455,792,151000,42.245,-83.7004,0,NaN,NaN,NaN,-2.00,NaN,1.0,1000,1000,1250,61.8293,375.5,NaN,NaN,NaN,NaN,
49.6454,455,792,152100,42.245,-83.7004,0,NaN,NaN,NaN,-2.00,NaN,1.0,1000,1000,1250,61.8293,375.5,NaN,NaN,NaN,NaN,
49.6454,455,792,153100,42.245,-83.7004,0,NaN,NaN,NaN,-2.00,NaN,1.0,1000,1000,1250,61.8293,375.5,NaN,NaN,NaN,NaN,
49.6454,455,792,154200,42.245,-83.7004,0,NaN,NaN,NaN,-2.00,NaN,1.0,1000,1000,1250,61.8293,375.5,NaN,NaN,NaN,NaN,
49.6454,455,792,155200,42.245,-83.7004,0,NaN,NaN,NaN,-2.00,NaN,1.0,1000,1000,1250,61.8293,375.5,NaN,NaN,NaN,NaN,
49.6454,455,792,157100,42.245,-83.7004,0,NaN,NaN,NaN,-2.00,NaN,1.0,1000,1000,1250,61.8293,375.5,NaN,NaN,NaN,NaN,
49.6454,455,792,157300,42.245,-83.7004,0,NaN,NaN,NaN,-2.00,NaN,1.0,1000,1000,1250,61.8293,375.5,NaN,NaN,NaN,NaN,
49.6454,455,792,158300,42.245,-83.7004,0,NaN,NaN,NaN,-2.00,NaN,1.0,1000,1000,1250,61.8293,375.5,NaN,NaN,NaN,NaN,
49.6454,455,792,159400,42.245,-83.7004,0,NaN,NaN,NaN,-2.00,NaN,1.0,1000,1000,1250,61.8293,375.5,NaN,NaN,NaN,NaN,
49.6454,455,792,159700,42.245,-83.7004,0,NaN,NaN,NaN,-2.00,NaN,1.0,1000,1000,1250,61.5854,375.5,NaN,NaN,NaN,NaN,
49.6454,455,792,160400,42.245,-83.7004,0,NaN,NaN,NaN,-2.00,NaN,1.0,1000,1000,1250,61.5854,375.5,NaN,NaN,NaN,NaN,
49.6454,455,792,161400,42.245,-83.7004,0,NaN,NaN,NaN,-2.00,NaN,1.0,1000,1000,1250,61.5854,375.5,NaN,NaN,NaN,NaN,
49.6454,455,792,162500,42.245,-83.7004,0,NaN,NaN,NaN,-2.00,NaN,1.0,1000,1000,1250,61.5854,375.5,NaN,NaN,NaN,NaN,
49.6454,455,792,163500,42.245,-83.7004,0,NaN,NaN,NaN,-2.00,NaN,1.0,1000,1000,1250,61.5854,375.5,NaN,NaN,NaN,NaN,
49.6454,455,792,164600,42.245,-83.7004,0,NaN,NaN,NaN,-2.00,NaN,1.0,1000,1000,1250,61.5854,375.5,NaN,NaN,NaN,NaN,
49.6454,455,792,165300,42.245,-83.7004,0,NaN,NaN,NaN,-2.00,NaN,1.0,1000,1000,1250,61.5854,376,NaN,NaN,NaN,NaN,
49.6454,455,792,166600,42.245,-83.7004,0,NaN,NaN,NaN,-2.00,NaN,1.0,1000,1000,1250,61.5854,376,NaN,NaN,NaN,NaN,
49.6454,455,792,167700,42.245,-83.7004,0,NaN,NaN,NaN,-2.00,NaN,1.0,1000,1000,1250,61.5854,376,NaN,NaN,NaN,NaN,
49.6454,455,792,168700,42.245,-83.7004,0,NaN,NaN,NaN,-2.00,NaN,1.0,1000,1000,1250,61.5854,376,NaN,NaN,NaN,NaN,
49.6454,455,792,169800,42.245,-83.7004,0,NaN,NaN,NaN,-2.00,NaN,1.0,1000,1000,1250,61.5854,376,NaN,NaN,NaN,NaN,
49.6454,455,792,170300,42.245,-83.7004,0,NaN,NaN,NaN,-2.00,NaN,1.0,1000,1000,1250,61.5854,375.5,NaN,NaN,NaN,NaN,
49.6454,455,792,171800,42.245,-83.7004,0,NaN,NaN,NaN,-2.00,NaN,1.0,1000,1000,1250,61.5854,375.5,NaN,NaN,NaN,NaN,
49.6454,455,792,172900,42.245,-83.7004,0,NaN,NaN,NaN,-2.00,NaN,1.0,1000,1000,1250,61.5854,375.5,NaN,NaN,NaN,NaN,
49.6454,455,792,173900,42.245,-83.7004,0,NaN,NaN,NaN,-2.00,NaN,1.0,1000,1000,1250,61.5854,375.5,NaN,NaN,NaN,NaN,
49.6454,455,792,175000,42.245,-83.7004,0,NaN,NaN,NaN,-2.00,NaN,1.0,1000,1000,1250,61.5854,375.5,NaN,NaN,NaN,NaN,
49.6454,455,792,175400,42.245,-83.7004,0,NaN,NaN,NaN,-2.00,NaN,1.0,1000,1000,1250,61.5854,376,NaN,NaN,NaN,NaN,
49.6454,455,792,176100,42.245,-83.7004,0,NaN,NaN,NaN,-2.00,NaN,1.0,1000,1000,1250,61.5854,376,NaN,NaN,NaN,NaN,
49.6454,455,792,177100,42.245,-83.7004,0,NaN,NaN,NaN,-2.00,NaN,1.0,1000,1000,1250,61.5854,376,NaN,NaN,NaN,NaN,
49.6454,455,792,178100,42.245,-83.7004,0,NaN,NaN,NaN,-2.00,NaN,1.0,1000,1000,1250,61.5854,376,NaN,NaN,NaN,NaN,
49.6454,455,792,179200,42.245,-83.7004,0,NaN,NaN,NaN,-2.00,NaN,1.0,1000,1000,1250,61.5854,376,NaN,NaN,NaN,NaN,
49.6454,455,792,180200,42.245,-83.7004,0,NaN,NaN,NaN,-2.00,NaN,1.0,1000,1000,1250,61.5854,376,NaN,NaN,NaN,NaN,
49.6454,455,792,181200,42.245,-83.7004,0,NaN,NaN,NaN,-2.00,NaN,1.0,1000,1000,1250,61.5854,376,NaN,NaN,NaN,NaN,
49.6454,455,792,182000,42.245,-83.7004,0,NaN,NaN,NaN,-2.00,NaN,1.0,1000,1000,1250,61.5854,376,NaN,NaN,NaN,NaN,
49.6454,455,792,182700,42.245,-83.7004,4.58,NaN,NaN,NaN,-2.00,NaN,1.0,1000,1000,1250,61.5854,376,NaN,NaN,NaN,NaN,
49.6454,455,792,182800,42.245,-83.7004,4.58,NaN,NaN,NaN,-2.00,NaN,1.0,1000,1000,1250,61.5854,373.5,NaN,NaN,NaN,NaN,
49.6454,455,792,183200,42.245,-83.7004,4.58,NaN,NaN,NaN,-2.00,NaN,0.95,950,950,750,61.5854,373.5,NaN,NaN,NaN,NaN,
49.6454,455,792,183700,42.245,-83.7004,11.69,NaN,NaN,NaN,-2.00,NaN,0.95,950,950,750,61.5854,373.5,NaN,NaN,NaN,NaN,
49.6454,455,792,183900,42.245,-83.7004,11.69,NaN,NaN,NaN,-2.00,NaN,0.95,950,950,750,61.5854,373.5,NaN,NaN,NaN,NaN,
49.6454,455,792,184800,42.245,-83.7004,19.38,NaN,NaN,NaN,-2.00,NaN,0.95,950,950,750,61.5854,373.5,NaN,NaN,NaN,NaN,
49.6454,455,792,185100,42.2451,-83.7003,19.38,NaN,NaN,NaN,-2.00,NaN,0.95,950,950,750,61.5854,373.5,NaN,NaN,NaN,NaN,
49.6454,455,792,185800,42.2451,-83.7003,25.64,NaN,NaN,NaN,-2.00,NaN,0.95,950,950,750,61.5854,373.5,NaN,NaN,NaN,NaN,
49.6454,455,792,186000,42.2451,-83.7003,25.64,NaN,NaN,NaN,-2.00,NaN,0.95,950,950,750,61.5854,373.5,NaN,NaN,NaN,NaN,
49.6454,455,792,186800,42.2451,-83.7003,30.09,NaN,NaN,NaN,-2.00,NaN,0.95,950,950,750,61.5854,373.5,NaN,NaN,NaN,NaN,
49.6454,455,792,187000,42.2451,-83.7003,30.09,NaN,NaN,NaN,-2.00,NaN,0.95,950,950,750,61.5854,373.5,NaN,NaN,NaN,NaN,
49.6454,455,792,187800,42.2451,-83.7003,30.09,NaN,NaN,NaN,-2.00,NaN,0.95,950,950,750,61.5854,363.5,NaN,NaN,NaN,NaN,
49.6454,455,792,187900,42.2451,-83.7003,35.18,NaN,NaN,NaN,-2.00,NaN,0.95,950,950,750,61.5854,363.5,NaN,NaN,NaN,NaN,
49.6454,455,792,188000,42.2451,-83.7003,35.18,NaN,NaN,NaN,-2.00,NaN,0.95,950,950,750,61.5854,363.5,NaN,NaN,NaN,NaN,
49.6454,455,792,188100,42.2452,-83.7001,35.18,NaN,NaN,NaN,-2.00,NaN,0.95,950,950,750,61.5854,363.5,NaN,NaN,NaN,NaN,
49.6454,455,792,188900,42.2452,-83.7001,40.12,NaN,NaN,NaN,-2.00,NaN,0.95,950,950,750,61.5854,363.5,NaN,NaN,NaN,NaN,
49.6454,455,792,189100,42.2452,-83.7001,40.12,NaN,NaN,NaN,-2.00,NaN,0.95,950,950,750,61.5854,363.5,NaN,NaN,NaN,NaN,
49.6454,455,792,190000,42.2452,-83.7001,44.34,NaN,NaN,NaN,-2.00,NaN,0.95,950,950,750,61.5854,363.5,NaN,NaN,NaN,NaN,
49.6454,455,792,191000,42.2452,-83.7001,47.79,NaN,NaN,NaN,-2.00,NaN,0.95,950,950,750,61.5854,363.5,NaN,NaN,NaN,NaN,
49.6454,455,792,191200,42.2455,-83.7001,47.79,NaN,NaN,NaN,-2.00,NaN,0.95,950,950,750,61.5854,363.5,NaN,NaN,NaN,NaN,
49.6454,455,792,192000,42.2455,-83.7001,50.93,NaN,NaN,NaN,-2.00,NaN,0.95,950,950,750,61.5854,363.5,NaN,NaN,NaN,NaN,
49.6454,455,792,192800,42.2455,-83.7001,50.93,NaN,NaN,NaN,-2.00,NaN,0.95,950,950,750,61.5854,362,NaN,NaN,NaN,NaN,
49.6454,455,792,193100,42.2455,-83.7001,53.87,NaN,NaN,NaN,-2.00,NaN,0.95,950,950,750,61.5854,362,NaN,NaN,NaN,NaN,
49.6454,455,792,193200,42.2455,-83.7001,53.87,NaN,NaN,NaN,-2.00,NaN,0.95,950,950,750,61.5854,362,NaN,NaN,NaN,NaN,
49.6454,455,792,194000,42.2459,-83.7001,53.87,NaN,NaN,NaN,-2.00,NaN,0.95,950,950,750,61.5854,362,NaN,NaN,NaN,NaN,
49.6454,455,792,194100,42.2459,-83.7001,56.64,NaN,NaN,NaN,-2.00,NaN,0.95,950,950,750,61.5854,362,NaN,NaN,NaN,NaN,
49.6454,455,792,194300,42.2459,-83.7001,56.64,NaN,NaN,NaN,-2.00,NaN,0.95,950,950,750,61.5854,362,NaN,NaN,NaN,NaN,
49.6454,455,792,195200,42.2459,-83.7001,58.45,NaN,NaN,NaN,-2.00,NaN,0.95,950,950,750,61.5854,362,NaN,NaN,NaN,NaN,
49.6454,455,792,196200,42.2459,-83.7001,60.21,NaN,NaN,NaN,-2.00,NaN,0.95,950,950,750,61.5854,362,NaN,NaN,NaN,NaN,
49.6454,455,792,196400,42.2459,-83.7001,60.21,NaN,NaN,NaN,-2.00,NaN,0.95,950,950,750,61.5854,362,NaN,NaN,NaN,NaN,
49.6454,455,792,197100,42.2464,-83.7001,60.21,NaN,NaN,NaN,-2.00,NaN,0.95,950,950,750,61.5854,362,NaN,NaN,NaN,NaN,
49.6454,455,792,197200,42.2464,-83.7001,63.44,NaN,NaN,NaN,-2.00,NaN,0.95,950,950,750,61.5854,362,NaN,NaN,NaN,NaN,
49.6454,455,792,197900,42.2464,-83.7001,63.44,NaN,NaN,NaN,-2.00,NaN,0.95,950,950,750,61.5854,362.5,NaN,NaN,NaN,NaN,
49.6454,455,792,198300,42.2464,-83.7001,64.77,NaN,NaN,NaN,-2.00,NaN,0.95,950,950,750,61.5854,362.5,NaN,NaN,NaN,NaN,
49.6454,455,792,198400,42.2464,-83.7001,64.77,NaN,NaN,NaN,-2.00,NaN,0.95,950,950,750,61.5854,362.5,NaN,NaN,NaN,NaN,
49.6454,455,792,199300,42.2464,-83.7001,65.19,NaN,NaN,NaN,-2.00,NaN,0.95,950,950,750,61.5854,362.5,NaN,NaN,NaN,NaN,
49.6454,455,792,200100,42.2469,-83.7001,65.19,NaN,NaN,NaN,-2.00,NaN,0.95,950,950,750,61.5854,362.5,NaN,NaN,NaN,NaN,
49.6454,455,792,200500,42.2469,-83.7001,65.19,NaN,NaN,NaN,-2.00,NaN,0.95,950,950,750,61.5854,362.5,NaN,NaN,NaN,NaN,
49.6454,455,792,201400,42.2469,-83.7001,65.72,NaN,NaN,NaN,-2.00,NaN,0.95,950,950,750,61.5854,362.5,NaN,NaN,NaN,NaN,
49.6454,455,792,202400,42.2469,-83.7001,65.85,NaN,NaN,NaN,-2.00,NaN,0.95,950,950,750,61.5854,362.5,NaN,NaN,NaN,NaN,
49.6454,455,792,202600,42.2469,-83.7001,65.85,NaN,NaN,NaN,-2.00,NaN,0.95,950,950,750,61.5854,362.5,NaN,NaN,NaN,NaN,
49.6454,455,792,202900,42.2469,-83.7001,65.85,NaN,NaN,NaN,-2.00,NaN,0.95,950,950,750,61.5854,369.5,NaN,NaN,NaN,NaN,
49.6454,455,792,203200,42.2473,-83.7001,65.85,NaN,NaN,NaN,-2.00,NaN,0.95,950,950,750,61.5854,369.5,NaN,NaN,NaN,NaN,
49.6454,455,792,203500,42.2473,-83.7001,66.22,NaN,NaN,NaN,-2.00,NaN,0.95,950,950,750,61.5854,369.5,NaN,NaN,NaN,NaN,
49.6454,455,792,203600,42.2473,-83.7001,66.22,NaN,NaN,NaN,-2.00,NaN,0.95,950,950,750,61.5854,369.5,NaN,NaN,NaN,NaN,
49.6454,455,792,204500,42.2473,-83.7001,66.82,NaN,NaN,NaN,-2.00,NaN,0.95,950,950,750,61.5854,369.5,NaN,NaN,NaN,NaN,
49.6454,455,792,204700,42.2473,-83.7001,66.82,NaN,NaN,NaN,-2.00,NaN,0.95,950,950,750,61.5854,369.5,NaN,NaN,NaN,NaN,
49.6454,455,792,205600,42.2473,-83.7001,67.16,NaN,NaN,NaN,-2.00,NaN,0.95,950,950,750,61.5854,369.5,NaN,NaN,NaN,NaN,
49.6454,455,792,205700,42.2473,-83.7001,67.16,NaN,NaN,NaN,-2.00,NaN,0.95,950,950,750,61.5854,369.5,NaN,NaN,NaN,NaN,
49.6454,455,792,206600,42.2473,-83.7001,67.54,NaN,NaN,NaN,-2.00,NaN,0.95,950,950,750,61.5854,369.5,NaN,NaN,NaN,NaN,
49.6454,455,792,207200,42.248,-83.7001,67.54,NaN,NaN,NaN,-2.00,NaN,0.95,950,950,750,61.5854,369.5,NaN,NaN,NaN,NaN,
49.6454,455,792,207600,42.248,-83.7001,66.96,NaN,NaN,NaN,-2.00,NaN,0.95,950,950,750,61.5854,369.5,NaN,NaN,NaN,NaN,
49.6454,455,792,207900,42.248,-83.7001,66.96,NaN,NaN,NaN,-2.00,NaN,0.95,950,950,750,61.5854,369.5,NaN,NaN,NaN,NaN,
49.6454,455,792,208700,42.248,-83.7001,66.49,NaN,NaN,NaN,-2.00,NaN,0.95,950,950,750,61.5854,369.5,NaN,NaN,NaN,NaN,
49.6454,455,792,209000,42.248,-83.7001,66.49,NaN,NaN,NaN,-2.00,NaN,0.95,950,950,750,61.5854,369.5,NaN,NaN,NaN,NaN,
49.6454,455,792,209800,42.248,-83.7001,66.51,NaN,NaN,NaN,-2.00,NaN,0.95,950,950,750,61.5854,369.5,NaN,NaN,NaN,NaN,
49.6454,455,792,210000,42.248,-83.7001,66.51,NaN,NaN,NaN,-2.00,NaN,0.95,950,950,750,61.5854,369.5,NaN,NaN,NaN,NaN,
49.6454,455,792,210100,42.2485,-83.7001,66.51,NaN,NaN,NaN,-2.00,NaN,0.95,950,950,750,61.5854,369.5,NaN,NaN,NaN,NaN,
49.6454,455,792,210800,42.2485,-83.7001,66.78,NaN,NaN,NaN,-2.00,NaN,0.95,950,950,750,61.5854,369.5,NaN,NaN,NaN,NaN,
49.6454,455,792,211000,42.2485,-83.7001,66.78,NaN,NaN,NaN,-2.00,NaN,0.95,950,950,750,61.5854,369.5,NaN,NaN,NaN,NaN,
49.6454,455,792,211800,42.2485,-83.7001,66.86,NaN,NaN,NaN,-2.00,NaN,0.95,950,950,750,61.5854,369.5,NaN,NaN,NaN,NaN,
49.6454,455,792,212100,42.2485,-83.7001,66.86,NaN,NaN,NaN,-2.00,NaN,0.95,950,950,750,61.5854,369.5,NaN,NaN,NaN,NaN,
49.6454,455,792,212900,42.2485,-83.7001,65.71,NaN,NaN,NaN,-2.00,NaN,0.95,950,950,750,61.5854,369.5,NaN,NaN,NaN,NaN,
49.6454,455,792,213000,42.249,-83.7001,65.71,NaN,NaN,NaN,-2.00,NaN,0.95,950,950,750,61.5854,379,NaN,NaN,NaN,NaN,
49.6454,455,792,213100,42.249,-83.7001,65.71,NaN,NaN,NaN,-2.00,NaN,0.95,950,950,750,61.5854,379,NaN,NaN,NaN,NaN,
49.6454,455,792,213900,42.249,-83.7001,64.26,NaN,NaN,NaN,-2.00,NaN,0.95,950,950,750,61.5854,379,NaN,NaN,NaN,NaN,
49.6454,455,792,215200,42.249,-83.7001,64.26,NaN,NaN,NaN,-2.00,NaN,0.95,950,950,750,61.5854,379,NaN,NaN,NaN,NaN,
49.6454,455,792,216000,42.249,-83.7001,64.46,NaN,NaN,NaN,-2.00,NaN,0.95,950,950,750,61.5854,379,NaN,NaN,NaN,NaN,
49.6454,455,792,216100,42.2495,-83.7001,64.46,NaN,NaN,NaN,-2.00,NaN,0.95,950,950,750,61.5854,379,NaN,NaN,NaN,NaN,
49.6454,455,792,216200,42.2495,-83.7001,64.46,NaN,NaN,NaN,-2.00,NaN,0.95,950,950,750,61.5854,379,NaN,NaN,NaN,NaN,
49.6454,455,792,217000,42.2495,-83.7001,64.65,NaN,NaN,NaN,-2.00,NaN,0.95,950,950,750,61.5854,379,NaN,NaN,NaN,NaN,
49.6454,455,792,217300,42.2495,-83.7001,64.65,NaN,NaN,NaN,-2.00,NaN,0.95,950,950,750,61.5854,379,NaN,NaN,NaN,NaN,
49.6454,455,792,218100,42.2495,-83.7001,65.03,NaN,NaN,NaN,-2.00,NaN,0.95,950,950,750,61.5854,370.5,NaN,NaN,NaN,NaN,
49.6454,455,792,218300,42.2495,-83.7001,65.03,NaN,NaN,NaN,-2.00,NaN,0.95,950,950,750,61.5854,370.5,NaN,NaN,NaN,NaN,
49.6454,455,792,219100,42.2499,-83.7001,64.86,NaN,NaN,NaN,-2.00,NaN,0.95,950,950,750,61.5854,370.5,NaN,NaN,NaN,NaN,
49.6454,455,792,219400,42.2499,-83.7001,64.86,NaN,NaN,NaN,-2.00,NaN,0.95,950,950,750,61.5854,370.5,NaN,NaN,NaN,NaN,
49.6454,455,792,220200,42.2499,-83.7001,64.46,NaN,NaN,NaN,-2.00,NaN,0.95,950,950,750,61.5854,370.5,NaN,NaN,NaN,NaN,
49.6454,455,792,221200,42.2499,-83.7001,63.01,NaN,NaN,NaN,-2.00,NaN,0.95,950,950,750,61.5854,370.5,NaN,NaN,NaN,NaN,
49.6454,455,792,221400,42.2499,-83.7001,63.01,NaN,NaN,NaN,-2.00,NaN,0.95,950,950,750,61.5854,370.5,NaN,NaN,NaN,NaN,
49.6454,455,792,222200,42.2504,-83.7001,60.32,NaN,NaN,NaN,-2.00,NaN,0.95,950,950,750,61.5854,370.5,NaN,NaN,NaN,NaN,
49.6454,455,792,222500,42.2504,-83.7001,60.32,NaN,NaN,NaN,-2.00,NaN,0.95,950,950,750,61.5854,370.5,NaN,NaN,NaN,NaN,
49.6454,455,792,223100,42.2504,-83.7001,60.32,NaN,NaN,NaN,-2.00,NaN,0.95,950,950,750,61.5854,376.5,NaN,NaN,NaN,NaN,
49.6454,455,792,223300,42.2504,-83.7001,58.87,NaN,NaN,NaN,-2.00,NaN,0.95,950,950,750,61.5854,376.5,NaN,NaN,NaN,NaN,
49.6454,455,792,223500,42.2504,-83.7001,58.87,NaN,NaN,NaN,-2.00,NaN,0.95,950,950,750,61.5854,376.5,NaN,NaN,NaN,NaN,
49.6454,455,792,224300,42.2504,-83.7001,58.62,NaN,NaN,NaN,-2.00,NaN,0.95,950,950,750,61.5854,376.5,NaN,NaN,NaN,NaN,
49.6454,455,792,224600,42.2504,-83.7001,58.62,NaN,NaN,NaN,-2.00,NaN,0.95,950,950,750,61.5854,376.5,NaN,NaN,NaN,NaN,
49.6454,455,792,225000,42.2509,-83.7001,58.62,NaN,NaN,NaN,-2.00,NaN,0.95,950,950,750,61.5854,376.5,NaN,NaN,NaN,NaN,
49.6454,455,792,225400,42.2509,-83.7001,58.36,NaN,NaN,NaN,-2.00,NaN,0.95,950,950,750,61.5854,376.5,NaN,NaN,NaN,NaN,
49.6454,455,792,225600,42.2509,-83.7001,58.36,NaN,NaN,NaN,-2.00,NaN,0.95,950,950,750,61.5854,376.5,NaN,NaN,NaN,NaN,
49.6454,455,792,226400,42.2509,-83.7001,59.36,NaN,NaN,NaN,-2.00,NaN,0.95,950,950,750,61.5854,376.5,NaN,NaN,NaN,NaN,
49.6454,455,792,226600,42.2509,-83.7001,59.36,NaN,NaN,NaN,-2.00,NaN,0.95,950,950,750,61.5854,376.5,NaN,NaN,NaN,NaN,
49.6454,455,792,227400,42.2509,-83.7001,59.9,NaN,NaN,NaN,-2.00,NaN,0.95,950,950,750,61.5854,376.5,NaN,NaN,NaN,NaN,
49.6454,455,792,227700,42.2509,-83.7001,59.9,NaN,NaN,NaN,-2.00,NaN,0.95,950,950,750,61.5854,376.5,NaN,NaN,NaN,NaN,
49.6454,455,792,228100,42.2513,-83.7001,59.9,NaN,NaN,NaN,-2.00,NaN,0.95,950,950,750,61.5854,376.5,NaN,NaN,NaN,NaN,
49.6454,455,792,228200,42.2513,-83.7001,59.9,NaN,NaN,NaN,-2.00,NaN,0.95,950,950,750,61.5854,369,NaN,NaN,NaN,NaN,
49.6454,455,792,228500,42.2513,-83.7001,59.36,NaN,NaN,NaN,-2.00,NaN,0.95,950,950,750,61.5854,369,NaN,NaN,NaN,NaN,
49.6454,455,792,229500,42.2513,-83.7001,58.74,NaN,NaN,NaN,-2.00,NaN,0.95,950,950,750,61.5854,369,NaN,NaN,NaN,NaN,
49.6454,455,792,229800,42.2513,-83.7001,58.74,NaN,NaN,NaN,-2.00,NaN,0.95,950,950,750,61.5854,369,NaN,NaN,NaN,NaN,
49.6454,455,792,230600,42.2513,-83.7001,56.89,NaN,NaN,NaN,-2.00,NaN,0.95,950,950,750,61.5854,369,NaN,NaN,NaN,NaN,
49.6454,455,792,230800,42.2513,-83.7001,56.89,NaN,NaN,NaN,-2.00,NaN,0.95,950,950,750,61.5854,369,NaN,NaN,NaN,NaN,
49.6454,455,792,231100,42.2517,-83.7001,56.89,NaN,NaN,NaN,-2.00,NaN,0.95,950,950,750,61.5854,369,NaN,NaN,NaN,NaN,
49.6454,455,792,231600,42.2517,-83.7001,54.7,NaN,NaN,NaN,-2.00,NaN,0.95,950,950,750,61.5854,369,NaN,NaN,NaN,NaN,
49.6454,455,792,231800,42.2517,-83.7001,54.7,NaN,NaN,NaN,-2.00,NaN,0.95,950,950,750,61.5854,369,NaN,NaN,NaN,NaN,
49.6454,455,792,232600,42.2517,-83.7001,53.58,NaN,NaN,NaN,-2.00,NaN,0.95,950,950,750,61.5854,369,NaN,NaN,NaN,NaN,
49.6454,455,792,232900,42.2517,-83.7001,53.58,NaN,NaN,NaN,-2.00,NaN,0.95,950,950,750,61.5854,369,NaN,NaN,NaN,NaN,
49.6454,455,792,233200,42.2517,-83.7001,53.58,NaN,NaN,NaN,-2.00,NaN,0.95,950,950,750,61.5854,374.5,NaN,NaN,NaN,NaN,
49.6454,455,792,233700,42.2517,-83.7001,53.6,NaN,NaN,NaN,-2.00,NaN,0.95,950,950,750,61.5854,374.5,NaN,NaN,NaN,NaN,
49.6454,455,792,233900,42.2517,-83.7001,53.6,NaN,NaN,NaN,-2.00,NaN,0.95,950,950,750,61.5854,374.5,NaN,NaN,NaN,NaN,
49.6454,455,792,234200,42.2521,-83.7001,53.6,NaN,NaN,NaN,-2.00,NaN,0.95,950,950,750,61.5854,374.5,NaN,NaN,NaN,NaN,
49.6454,455,792,234700,42.2521,-83.7001,54.21,NaN,NaN,NaN,-2.00,NaN,0.95,950,950,750,61.5854,374.5,NaN,NaN,NaN,NaN,
49.6454,455,792,235000,42.2521,-83.7001,54.21,NaN,NaN,NaN,-2.00,NaN,0.95,950,950,750,61.5854,374.5,NaN,NaN,NaN,NaN,
49.6454,455,792,235800,42.2521,-83.7001,55.29,NaN,NaN,NaN,-2.00,NaN,0.95,950,950,750,61.5854,374.5,NaN,NaN,NaN,NaN,
49.6454,455,792,236000,42.2521,-83.7001,55.29,NaN,NaN,NaN,-2.00,NaN,0.95,950,950,750,61.5854,374.5,NaN,NaN,NaN,NaN,
49.6454,455,792,236800,42.2521,-83.7001,56.84,NaN,NaN,NaN,-2.00,NaN,0.95,950,950,750,61.5854,374.5,NaN,NaN,NaN,NaN,
49.6454,455,792,237000,42.2525,-83.6999,56.84,NaN,NaN,NaN,-2.00,NaN,0.95,950,950,750,61.5854,374.5,NaN,NaN,NaN,NaN,
49.6454,455,792,237800,42.2525,-83.6999,58.09,NaN,NaN,NaN,-2.00,NaN,0.95,950,950,750,61.5854,374.5,NaN,NaN,NaN,NaN,
49.6454,455,792,238100,42.2525,-83.6999,58.09,NaN,NaN,NaN,-2.00,NaN,0.95,950,950,750,61.5854,374.5,NaN,NaN,NaN,NaN,
49.6454,455,792,238200,42.2525,-83.6999,58.09,NaN,NaN,NaN,-2.00,NaN,0.95,950,950,750,61.5854,365,NaN,NaN,NaN,NaN,
49.6454,455,792,238900,42.2525,-83.6999,59.64,NaN,NaN,NaN,-2.00,NaN,0.95,950,950,750,61.5854,365,NaN,NaN,NaN,NaN,
49.6454,455,792,239100,42.2525,-83.6999,59.64,NaN,NaN,NaN,-2.00,NaN,0.95,950,950,750,61.5854,365,NaN,NaN,NaN,NaN,
49.6454,455,792,239900,42.2525,-83.6999,60.96,NaN,NaN,NaN,-2.00,NaN,0.95,950,950,750,61.5854,365,NaN,NaN,NaN,NaN,
49.6454,455,792,240100,42.2528,-83.6995,60.96,NaN,NaN,NaN,-2.00,NaN,0.95,950,950,750,61.5854,365,NaN,NaN,NaN,NaN,
49.6454,455,792,240200,42.2528,-83.6995,60.96,NaN,NaN,NaN,-2.00,NaN,0.95,950,950,750,61.5854,365,NaN,NaN,NaN,NaN,
49.6454,455,792,241000,42.2528,-83.6995,62.06,NaN,NaN,NaN,-2.00,NaN,0.95,950,950,750,61.5854,365,NaN,NaN,NaN,NaN,
49.6454,455,792,241200,42.2528,-83.6995,62.06,NaN,NaN,NaN,-2.00,NaN,0.95,950,950,750,61.5854,365,NaN,NaN,NaN,NaN,
49.6454,455,792,242100,42.2528,-83.6995,62.84,NaN,NaN,NaN,-2.00,NaN,0.95,950,950,750,61.5854,365,NaN,NaN,NaN,NaN,
49.6454,455,792,242700,42.2528,-83.6995,62.84,NaN,NaN,NaN,-2.00,NaN,0.95,950,950,750,60.2439,365,NaN,NaN,NaN,NaN,
49.6454,455,792,243100,42.2531,-83.699,62.84,NaN,NaN,NaN,-2.00,NaN,0.95,950,950,750,60.2439,365,NaN,NaN,NaN,NaN,
49.6454,455,792,243200,42.2531,-83.699,63.3,NaN,NaN,NaN,-2.00,NaN,0.95,950,950,750,60.2439,365,NaN,NaN,NaN,NaN,
49.6454,455,792,243300,42.2531,-83.699,63.3,NaN,NaN,NaN,-2.00,NaN,0.95,950,950,750,60.2439,362,NaN,NaN,NaN,NaN,
49.6454,455,792,244200,42.2531,-83.699,63.85,NaN,NaN,NaN,-2.00,NaN,0.95,950,950,750,60.2439,362,NaN,NaN,NaN,NaN,
49.6454,455,792,244400,42.2531,-83.699,63.85,NaN,NaN,NaN,-2.00,NaN,0.95,950,950,750,60.2439,362,NaN,NaN,NaN,NaN,
49.6454,455,792,245200,42.2531,-83.699,64.84,NaN,NaN,NaN,-2.00,NaN,0.95,950,950,750,60.2439,362,NaN,NaN,NaN,NaN,
49.6454,455,792,245400,42.2531,-83.699,64.84,NaN,NaN,NaN,-2.00,NaN,0.95,950,950,750,60.2439,362,NaN,NaN,NaN,NaN,
49.6454,455,792,246100,42.2533,-83.6984,64.84,NaN,NaN,NaN,-2.00,NaN,0.95,950,950,750,60.2439,362,NaN,NaN,NaN,NaN,
49.6454,455,792,246300,42.2533,-83.6984,63.75,NaN,NaN,NaN,-2.00,NaN,0.95,950,950,750,60.2439,362,NaN,NaN,NaN,NaN,
49.6454,455,792,246400,42.2533,-83.6984,63.75,NaN,NaN,NaN,-2.00,NaN,0.95,950,950,750,60.2439,362,NaN,NaN,NaN,NaN,
49.6454,455,792,247300,42.2533,-83.6984,63.5,NaN,NaN,NaN,-2.00,NaN,0.95,950,950,750,60.2439,362,NaN,NaN,NaN,NaN,
49.6454,455,792,247500,42.2533,-83.6984,63.5,NaN,NaN,NaN,-2.00,NaN,0.95,950,950,750,60.2439,362,NaN,NaN,NaN,NaN,
49.6454,455,792,248300,42.2533,-83.6984,63.5,NaN,NaN,NaN,-2.00,NaN,0.95,950,950,750,60.2439,366.5,NaN,NaN,NaN,NaN,
49.6454,455,792,248400,42.2533,-83.6984,63.6,NaN,NaN,NaN,-2.00,NaN,0.95,950,950,750,60.2439,366.5,NaN,NaN,NaN,NaN,
49.6454,455,792,248500,42.2533,-83.6984,63.6,NaN,NaN,NaN,-2.00,NaN,0.95,950,950,750,60.2439,366.5,NaN,NaN,NaN,NaN,
49.6454,455,792,249100,42.2535,-83.6978,63.6,NaN,NaN,NaN,-2.00,NaN,0.95,950,950,750,60.2439,366.5,NaN,NaN,NaN,NaN,
49.6454,455,792,249400,42.2535,-83.6978,64.03,NaN,NaN,NaN,-2.00,NaN,0.95,950,950,750,60.2439,366.5,NaN,NaN,NaN,NaN,
49.6454,455,792,249600,42.2535,-83.6978,64.03,NaN,NaN,NaN,-2.00,NaN,0.95,950,950,750,60.2439,366.5,NaN,NaN,NaN,NaN,
49.6454,455,792,250400,42.2535,-83.6978,64.92,NaN,NaN,NaN,-2.00,NaN,0.95,950,950,750,60.2439,366.5,NaN,NaN,NaN,NaN,
49.6454,455,792,250600,42.2535,-83.6978,64.92,NaN,NaN,NaN,-2.00,NaN,0.95,950,950,750,60.2439,366.5,NaN,NaN,NaN,NaN,
49.6454,455,792,251500,42.2535,-83.6978,65.87,NaN,NaN,NaN,-2.00,NaN,0.95,950,950,750,60.2439,366.5,NaN,NaN,NaN,NaN,
49.6454,455,792,251600,42.2535,-83.6978,65.87,NaN,NaN,NaN,-2.00,NaN,0.95,950,950,750,60.2439,366.5,NaN,NaN,NaN,NaN,
49.6454,455,792,252100,42.2537,-83.6973,65.87,NaN,NaN,NaN,-2.00,NaN,0.95,950,950,750,60.2439,366.5,NaN,NaN,NaN,NaN,
49.6454,455,792,252500,42.2537,-83.6973,66.33,NaN,NaN,NaN,-2.00,NaN,0.95,950,950,750,60.2439,366.5,NaN,NaN,NaN,NaN,
49.6454,455,792,252700,42.2537,-83.6973,66.33,NaN,NaN,NaN,-2.00,NaN,0.95,950,950,750,60.2439,366.5,NaN,NaN,NaN,NaN,
49.6454,455,792,253300,42.2537,-83.6973,66.33,NaN,NaN,NaN,-2.00,NaN,0.95,950,950,750,60.2439,366,NaN,NaN,NaN,NaN,
49.6454,455,792,253600,42.2537,-83.6973,66.8,NaN,NaN,NaN,-2.00,NaN,0.95,950,950,750,60.2439,366,NaN,NaN,NaN,NaN,
49.6454,455,792,254600,42.2537,-83.6973,67.15,NaN,NaN,NaN,-2.00,NaN,0.95,950,950,750,60.2439,366,NaN,NaN,NaN,NaN,
49.6454,455,792,254800,42.2537,-83.6973,67.15,NaN,NaN,NaN,-2.00,NaN,0.95,950,950,750,60.2439,366,NaN,NaN,NaN,NaN,
49.6454,455,792,255100,42.2541,-83.6969,67.15,NaN,NaN,NaN,-2.00,NaN,0.95,950,950,750,60.2439,366,NaN,NaN,NaN,NaN,
49.6454,455,792,255600,42.2541,-83.6969,67.7,NaN,NaN,NaN,-2.00,NaN,0.95,950,950,750,60.2439,366,NaN,NaN,NaN,NaN,
49.6454,455,792,255800,42.2541,-83.6969,67.7,NaN,NaN,NaN,-2.00,NaN,0.95,950,950,750,60.2439,366,NaN,NaN,NaN,NaN,
49.6454,455,792,256700,42.2541,-83.6969,68.05,NaN,NaN,NaN,-2.00,NaN,0.95,950,950,750,60.2439,366,NaN,NaN,NaN,NaN,
49.6454,455,792,257700,42.2541,-83.6969,68.29,NaN,NaN,NaN,-2.00,NaN,0.95,950,950,750,60.2439,366,NaN,NaN,NaN,NaN,
49.6454,455,792,257900,42.2541,-83.6969,68.29,NaN,NaN,NaN,-2.00,NaN,0.95,950,950,750,60.2439,366,NaN,NaN,NaN,NaN,
49.6454,455,792,258000,42.2545,-83.6966,68.29,NaN,NaN,NaN,-2.00,NaN,0.95,950,950,750,60.2439,366,NaN,NaN,NaN,NaN,
49.6454,455,792,258400,42.2545,-83.6966,68.29,NaN,NaN,NaN,-2.00,NaN,0.95,950,950,750,60.2439,368.5,NaN,NaN,NaN,NaN,
49.6454,455,792,258800,42.2545,-83.6966,67.78,NaN,NaN,NaN,-2.00,NaN,0.95,950,950,750,60.2439,368.5,NaN,NaN,NaN,NaN,
49.6454,455,792,258900,42.2545,-83.6966,67.78,NaN,NaN,NaN,-2.00,NaN,0.95,950,950,750,60.2439,368.5,NaN,NaN,NaN,NaN,
49.6454,455,792,259800,42.2545,-83.6966,67.2,NaN,NaN,NaN,-2.00,NaN,0.95,950,950,750,60.2439,368.5,NaN,NaN,NaN,NaN,
49.6454,455,792,260000,42.2545,-83.6966,67.2,NaN,NaN,NaN,-2.00,NaN,0.95,950,950,750,60.2439,368.5,NaN,NaN,NaN,NaN,
49.6454,455,792,260800,42.2545,-83.6966,66.14,NaN,NaN,NaN,-2.00,NaN,0.95,950,950,750,60.2439,368.5,NaN,NaN,NaN,NaN,
49.6454,455,792,261000,42.2545,-83.6966,66.14,NaN,NaN,NaN,-2.00,NaN,0.95,950,950,750,60.2439,368.5,NaN,NaN,NaN,NaN,
49.6454,455,792,261100,42.255,-83.6963,66.14,NaN,NaN,NaN,-2.00,NaN,0.95,950,950,750,60.2439,368.5,NaN,NaN,NaN,NaN,
49.6454,455,792,261900,42.255,-83.6963,65.07,NaN,NaN,NaN,-2.00,NaN,0.95,950,950,750,60.2439,368.5,NaN,NaN,NaN,NaN,
49.6454,455,792,262900,42.255,-83.6963,63.82,NaN,NaN,NaN,-2.00,NaN,0.95,950,950,750,60.2439,368.5,NaN,NaN,NaN,NaN,
49.6454,455,792,263100,42.255,-83.6963,63.82,NaN,NaN,NaN,-2.00,NaN,0.95,950,950,750,60.2439,368.5,NaN,NaN,NaN,NaN,
49.6454,455,792,263400,42.255,-83.6963,63.82,NaN,NaN,NaN,-2.00,NaN,0.95,950,950,750,60.2439,377.5,NaN,NaN,NaN,NaN,
49.6454,455,792,264000,42.255,-83.6963,61.83,NaN,NaN,NaN,-2.00,NaN,0.95,950,950,750,60.2439,377.5,NaN,NaN,NaN,NaN,
49.6454,455,792,264100,42.2554,-83.6961,61.83,NaN,NaN,NaN,-2.00,NaN,0.95,950,950,750,60.2439,377.5,NaN,NaN,NaN,NaN,
49.6454,455,792,265000,42.2554,-83.6961,59.53,NaN,NaN,NaN,-2.00,NaN,0.95,950,950,750,60.2439,377.5,NaN,NaN,NaN,NaN,
49.6454,455,792,265200,42.2554,-83.6961,59.53,NaN,NaN,NaN,-2.00,NaN,0.95,950,950,750,60.2439,377.5,NaN,NaN,NaN,NaN,
49.6454,455,792,266000,42.2554,-83.6961,58.02,NaN,NaN,NaN,-2.00,NaN,0.95,950,950,750,60.2439,377.5,NaN,NaN,NaN,NaN,
49.6454,455,792,266200,42.2554,-83.6961,58.02,NaN,NaN,NaN,-2.00,NaN,0.95,950,950,750,60.2439,377.5,NaN,NaN,NaN,NaN,
49.6454,455,792,267100,42.2554,-83.6961,56.07,NaN,NaN,NaN,-2.00,NaN,0.95,950,950,750,60.2439,377.5,NaN,NaN,NaN,NaN,
49.6454,455,792,267200,42.2558,-83.6959,56.07,NaN,NaN,NaN,-2.00,NaN,0.95,950,950,750,60.2439,377.5,NaN,NaN,NaN,NaN,
49.6454,455,792,268100,42.2558,-83.6959,53.72,NaN,NaN,NaN,-2.00,NaN,0.95,950,950,750,60.2439,377.5,NaN,NaN,NaN,NaN,
49.6454,455,792,268300,42.2558,-83.6959,53.72,NaN,NaN,NaN,-2.00,NaN,0.95,950,950,750,60.2439,377.5,NaN,NaN,NaN,NaN,
49.6454,455,792,268400,42.2558,-83.6959,53.72,NaN,NaN,NaN,-2.00,NaN,0.95,950,950,750,60.2439,378.5,NaN,NaN,NaN,NaN,
49.6454,455,792,269200,42.2558,-83.6959,51.02,NaN,NaN,NaN,-2.00,NaN,0.95,950,950,750,60.2439,378.5,NaN,NaN,NaN,NaN,
49.6454,455,792,269300,42.2558,-83.6959,51.02,NaN,NaN,NaN,-2.00,NaN,0.95,950,950,750,60.2439,378.5,NaN,NaN,NaN,NaN,
49.6454,455,792,270000,42.2562,-83.6958,51.02,NaN,NaN,NaN,-2.00,NaN,0.95,950,950,750,60.2439,378.5,NaN,NaN,NaN,NaN,
49.6454,455,792,270200,42.2562,-83.6958,49.23,NaN,NaN,NaN,-2.00,NaN,0.95,950,950,750,60.2439,378.5,NaN,NaN,NaN,NaN,
49.6454,455,792,270400,42.2562,-83.6958,49.23,NaN,NaN,NaN,-2.00,NaN,0.95,950,950,750,60.2439,378.5,NaN,NaN,NaN,NaN,
49.6454,455,792,271200,42.2562,-83.6958,43,NaN,NaN,NaN,-2.00,NaN,0.95,950,950,750,60.2439,378.5,NaN,NaN,NaN,NaN,
49.6454,455,792,271400,42.2562,-83.6958,43,NaN,NaN,NaN,-2.00,NaN,0.95,950,950,750,60.2439,378.5,NaN,NaN,NaN,NaN,
49.6454,455,792,272300,42.2562,-83.6958,37.73,NaN,NaN,NaN,-2.00,NaN,0.95,950,950,750,60.2439,378.5,NaN,NaN,NaN,NaN,
49.6454,455,792,272400,42.2562,-83.6958,37.73,NaN,NaN,NaN,-2.00,NaN,0.95,950,950,750,60.2439,378.5,NaN,NaN,NaN,NaN,
49.6454,455,792,273300,42.2562,-83.6958,28.75,NaN,NaN,NaN,-2.00,NaN,0.95,950,950,750,60.2439,378.5,NaN,NaN,NaN,NaN,
49.6454,455,792,273500,42.2562,-83.6958,28.75,NaN,NaN,NaN,-2.00,NaN,0.95,950,950,750,60.2439,383,NaN,NaN,NaN,NaN,
49.6454,455,792,274100,42.2566,-83.6956,28.75,NaN,NaN,NaN,-2.00,NaN,0.95,950,950,750,60.2439,383,NaN,NaN,NaN,NaN,
49.6454,455,792,274400,42.2566,-83.6956,18.08,NaN,NaN,NaN,-2.00,NaN,0.95,950,950,750,60.2439,383,NaN,NaN,NaN,NaN,
49.6454,455,792,274600,42.2566,-83.6956,18.08,NaN,NaN,NaN,-2.00,NaN,0.95,950,950,750,60.2439,383,NaN,NaN,NaN,NaN,
49.6454,455,792,275400,42.2566,-83.6956,10.08,NaN,NaN,NaN,-2.00,NaN,0.95,950,950,750,60.2439,383,NaN,NaN,NaN,NaN,
49.6454,455,792,275700,42.2566,-83.6956,10.08,NaN,NaN,NaN,-2.00,NaN,0.95,950,950,750,60.2439,383,NaN,NaN,NaN,NaN,
49.6454,455,792,276500,42.2566,-83.6956,5.27,NaN,NaN,NaN,-2.00,NaN,0.95,950,950,750,60.2439,383,NaN,NaN,NaN,NaN,
49.6454,455,792,276800,42.2566,-83.6956,5.27,NaN,NaN,NaN,-2.00,NaN,0.95,950,950,750,60.2439,383,NaN,NaN,NaN,NaN,
49.6454,455,792,277000,42.2567,-83.6956,5.27,NaN,NaN,NaN,-2.00,NaN,0.95,950,950,750,60.2439,383,NaN,NaN,NaN,NaN,
49.6454,455,792,277700,42.2567,-83.6956,0,NaN,NaN,NaN,-2.00,NaN,0.95,950,950,750,60.122,383,NaN,NaN,NaN,NaN,
49.6454,455,792,277800,42.2567,-83.6956,0,NaN,NaN,NaN,-2.00,NaN,0.95,950,950,750,60.122,375,NaN,NaN,NaN,NaN,
49.6454,455,792,278200,42.2567,-83.6956,0,NaN,NaN,NaN,-2.00,NaN,1.0,1000,1000,1000,60.122,375,NaN,NaN,NaN,NaN,
49.6454,455,792,281000,42.2567,-83.6956,0,NaN,NaN,NaN,-2.00,NaN,1.0,1000,1000,1000,60.122,375,NaN,NaN,NaN,NaN,
49.6454,455,792,282000,42.2567,-83.6956,0,NaN,NaN,NaN,-2.00,NaN,1.0,1000,1000,1000,60.122,375,NaN,NaN,NaN,NaN,
49.6454,455,792,282800,42.2567,-83.6956,0,NaN,NaN,NaN,-2.00,NaN,1.0,1000,1000,1000,60.122,374.5,NaN,NaN,NaN,NaN,
49.6454,455,792,283000,42.2567,-83.6956,0,NaN,NaN,NaN,-2.00,NaN,1.0,1000,1000,1000,60.122,374.5,NaN,NaN,NaN,NaN,
49.6454,455,792,285100,42.2567,-83.6956,0,NaN,NaN,NaN,-2.00,NaN,1.0,1000,1000,1000,60.122,374.5,NaN,NaN,NaN,NaN,
49.6454,455,792,286200,42.2567,-83.6956,0,NaN,NaN,NaN,-2.00,NaN,1.0,1000,1000,1000,60.122,374.5,NaN,NaN,NaN,NaN,
49.6454,455,792,287200,42.2567,-83.6956,0,NaN,NaN,NaN,-2.00,NaN,1.0,1000,1000,1000,60.122,374.5,NaN,NaN,NaN,NaN,
49.6454,455,792,289300,42.2567,-83.6956,0,NaN,NaN,NaN,-2.00,NaN,1.0,1000,1000,1000,60.122,374.5,NaN,NaN,NaN,NaN,
49.6454,455,792,290300,42.2567,-83.6956,0,NaN,NaN,NaN,-2.00,NaN,1.0,1000,1000,1000,60.122,374.5,NaN,NaN,NaN,NaN,
49.6454,455,792,291400,42.2567,-83.6956,0,NaN,NaN,NaN,-2.00,NaN,1.0,1000,1000,1000,60.122,374.5,NaN,NaN,NaN,NaN,
49.6454,455,792,292400,42.2567,-83.6956,0,NaN,NaN,NaN,-2.00,NaN,1.0,1000,1000,1000,60.122,374.5,NaN,NaN,NaN,NaN,
49.6454,455,792,293400,42.2567,-83.6956,0,NaN,NaN,NaN,-2.00,NaN,1.0,1000,1000,1000,60.122,374.5,NaN,NaN,NaN,NaN,
49.6454,455,792,294500,42.2567,-83.6956,0,NaN,NaN,NaN,-2.00,NaN,1.0,1000,1000,1000,60.122,374.5,NaN,NaN,NaN,NaN,
49.6454,455,792,296600,42.2567,-83.6956,0,NaN,NaN,NaN,-2.00,NaN,1.0,1000,1000,1000,60.122,374.5,NaN,NaN,NaN,NaN,
49.6454,455,792,297600,42.2567,-83.6956,0,NaN,NaN,NaN,-2.00,NaN,1.0,1000,1000,1000,60.122,374.5,NaN,NaN,NaN,NaN,
49.6454,455,792,297900,42.2567,-83.6956,0,NaN,NaN,NaN,-2.00,NaN,1.0,1000,1000,1000,60.122,375,NaN,NaN,NaN,NaN,
49.6454,455,792,298600,42.2567,-83.6956,0,NaN,NaN,NaN,-2.00,NaN,1.0,1000,1000,1000,60.122,375,NaN,NaN,NaN,NaN,
49.6454,455,792,300700,42.2567,-83.6956,0,NaN,NaN,NaN,-2.00,NaN,1.0,1000,1000,1000,60.122,375,NaN,NaN,NaN,NaN,
49.6454,455,792,302800,42.2567,-83.6956,0,NaN,NaN,NaN,-2.00,NaN,1.0,1000,1000,1000,60.122,375,NaN,NaN,NaN,NaN,
49.6454,455,792,303800,42.2567,-83.6956,0,NaN,NaN,NaN,-2.00,NaN,1.0,1000,1000,1000,60.122,375,NaN,NaN,NaN,NaN,
49.6454,455,792,304900,42.2567,-83.6956,0,NaN,NaN,NaN,-2.00,NaN,1.0,1000,1000,1000,60.122,375,NaN,NaN,NaN,NaN,
49.6454,455,792,307000,42.2567,-83.6956,0,NaN,NaN,NaN,-2.00,NaN,1.0,1000,1000,1000,60.122,375,NaN,NaN,NaN,NaN,
49.6454,455,792,308100,42.2567,-83.6956,0,NaN,NaN,NaN,-2.00,NaN,1.0,1000,1000,1000,60.122,375,NaN,NaN,NaN,NaN,
49.6454,455,792,310200,42.2567,-83.6956,0,NaN,NaN,NaN,-2.00,NaN,1.0,1000,1000,1000,60.122,375,NaN,NaN,NaN,NaN,
49.6454,455,792,311200,42.2567,-83.6956,0,NaN,NaN,NaN,-2.00,NaN,1.0,1000,1000,1000,60.122,375,NaN,NaN,NaN,NaN,
49.6454,455,792,312300,42.2567,-83.6956,0,NaN,NaN,NaN,-2.00,NaN,1.0,1000,1000,1000,60.122,375,NaN,NaN,NaN,NaN,
49.6454,455,792,313300,42.2567,-83.6956,0,NaN,NaN,NaN,-2.00,NaN,1.0,1000,1000,1000,60.122,375,NaN,NaN,NaN,NaN,
49.6454,455,792,314400,42.2567,-83.6956,0,NaN,NaN,NaN,-2.00,NaN,1.0,1000,1000,1000,60.122,375,NaN,NaN,NaN,NaN,
49.6454,455,792,316400,42.2567,-83.6956,0,NaN,NaN,NaN,-2.00,NaN,1.0,1000,1000,1000,60.122,375,NaN,NaN,NaN,NaN,
49.6454,455,792,318500,42.2567,-83.6956,0,NaN,NaN,NaN,-2.00,NaN,1.0,1000,1000,1000,60.122,375,NaN,NaN,NaN,NaN,
49.6454,455,792,319600,42.2567,-83.6956,0,NaN,NaN,NaN,-2.00,NaN,1.0,1000,1000,1000,60.122,375,NaN,NaN,NaN,NaN,
49.6454,455,792,320600,42.2567,-83.6956,0,NaN,NaN,NaN,-2.00,NaN,1.0,1000,1000,1000,60.122,375,NaN,NaN,NaN,NaN,
49.6454,455,792,322700,42.2567,-83.6956,0,NaN,NaN,NaN,-2.00,NaN,1.0,1000,1000,1000,60.122,375,NaN,NaN,NaN,NaN,
49.6454,455,792,323600,42.2567,-83.6956,0,NaN,NaN,NaN,-2.00,NaN,1.0,1000,1000,1000,60.122,375,NaN,NaN,NaN,NaN,
49.6454,455,792,323700,42.2567,-83.6956,0,NaN,NaN,NaN,-2.00,NaN,1.0,1000,1000,1000,60.122,375,NaN,NaN,NaN,NaN,
49.6454,455,792,324800,42.2567,-83.6956,0,NaN,NaN,NaN,-2.00,NaN,1.0,1000,1000,1000,60.122,375,NaN,NaN,NaN,NaN,
49.6454,455,792,325800,42.2567,-83.6956,0,NaN,NaN,NaN,-2.00,NaN,1.0,1000,1000,1000,60.122,375,NaN,NaN,NaN,NaN,
49.6454,455,792,327900,42.2567,-83.6956,0,NaN,NaN,NaN,-2.00,NaN,1.0,1000,1000,1000,60.122,375,NaN,NaN,NaN,NaN,
49.6454,455,792,328900,42.2567,-83.6956,0,NaN,NaN,NaN,-2.00,NaN,1.0,1000,1000,1000,60.122,375,NaN,NaN,NaN,NaN,
49.6454,455,792,330000,42.2567,-83.6956,0,NaN,NaN,NaN,-2.00,NaN,1.0,1000,1000,1000,60.122,375,NaN,NaN,NaN,NaN,
49.6454,455,792,331000,42.2567,-83.6956,0,NaN,NaN,NaN,-2.00,NaN,1.0,1000,1000,1000,60.122,375,NaN,NaN,NaN,NaN,
49.6454,455,792,333100,42.2567,-83.6956,0,NaN,NaN,NaN,-2.00,NaN,1.0,1000,1000,1000,60.122,375,NaN,NaN,NaN,NaN,
49.6454,455,792,334100,42.2567,-83.6956,0,NaN,NaN,NaN,-2.00,NaN,1.0,1000,1000,1000,60.122,375,NaN,NaN,NaN,NaN,
49.6454,455,792,336200,42.2567,-83.6956,0,NaN,NaN,NaN,-2.00,NaN,1.0,1000,1000,1000,60.122,375,NaN,NaN,NaN,NaN,
49.6454,455,792,337100,42.2568,-83.6956,0,NaN,NaN,NaN,-2.00,NaN,1.0,1000,1000,1000,60.122,375,NaN,NaN,NaN,NaN,
49.6454,455,792,337700,42.2568,-83.6956,0,NaN,NaN,NaN,-2.00,NaN,1.0,1000,1000,1000,59.8781,375,NaN,NaN,NaN,NaN,
49.6454,455,792,339300,42.2568,-83.6956,0,NaN,NaN,NaN,-2.00,NaN,1.0,1000,1000,1000,59.8781,375,NaN,NaN,NaN,NaN,
49.6454,455,792,340400,42.2568,-83.6956,0,NaN,NaN,NaN,-2.00,NaN,1.0,1000,1000,1000,59.8781,375,NaN,NaN,NaN,NaN,
49.6454,455,792,341400,42.2568,-83.6956,0,NaN,NaN,NaN,-2.00,NaN,1.0,1000,1000,1000,59.8781,375,NaN,NaN,NaN,NaN,
49.6454,455,792,343600,42.2568,-83.6956,0,NaN,NaN,NaN,-2.00,NaN,1.0,1000,1000,1000,59.8781,375,NaN,NaN,NaN,NaN,
49.6454,455,792,344600,42.2568,-83.6956,0,NaN,NaN,NaN,-2.00,NaN,1.0,1000,1000,1000,59.8781,375,NaN,NaN,NaN,NaN,
49.6454,455,792,345700,42.2568,-83.6956,0,NaN,NaN,NaN,-2.00,NaN,1.0,1000,1000,1000,59.8781,375,NaN,NaN,NaN,NaN,
49.6454,455,792,346700,42.2568,-83.6956,0,NaN,NaN,NaN,-2.00,NaN,1.0,1000,1000,1000,59.8781,375,NaN,NaN,NaN,NaN,
49.6454,455,792,348800,42.2568,-83.6956,0,NaN,NaN,NaN,-2.00,NaN,1.0,1000,1000,1000,59.8781,375,NaN,NaN,NaN,NaN,
49.6454,455,792,349800,42.2568,-83.6956,0,NaN,NaN,NaN,-2.00,NaN,1.0,1000,1000,1000,59.8781,375,NaN,NaN,NaN,NaN,
49.6454,455,792,350900,42.2568,-83.6956,0,NaN,NaN,NaN,-2.00,NaN,1.0,1000,1000,1000,59.8781,375,NaN,NaN,NaN,NaN,
49.6454,455,792,351900,42.2568,-83.6956,0,NaN,NaN,NaN,-2.00,NaN,1.0,1000,1000,1000,59.8781,375,NaN,NaN,NaN,NaN,
49.6454,455,792,354000,42.2568,-83.6956,0,NaN,NaN,NaN,-2.00,NaN,1.0,1000,1000,1000,59.8781,375,NaN,NaN,NaN,NaN,
49.6454,455,792,355000,42.2568,-83.6956,0,NaN,NaN,NaN,-2.00,NaN,1.0,1000,1000,1000,59.8781,375,NaN,NaN,NaN,NaN,
49.6454,455,792,356100,42.2568,-83.6956,0,NaN,NaN,NaN,-2.00,NaN,1.0,1000,1000,1000,59.8781,375,NaN,NaN,NaN,NaN,
49.6454,455,792,357100,42.2568,-83.6956,0,NaN,NaN,NaN,-2.00,NaN,1.0,1000,1000,1000,59.8781,375,NaN,NaN,NaN,NaN,
49.6454,455,792,358300,42.2568,-83.6956,0,NaN,NaN,NaN,-2.00,NaN,1.0,1000,1000,1000,59.8781,375.5,NaN,NaN,NaN,NaN,
49.6454,455,792,359200,42.2568,-83.6956,0,NaN,NaN,NaN,-2.00,NaN,1.0,1000,1000,1000,59.8781,375.5,NaN,NaN,NaN,NaN,
49.6454,455,792,361300,42.2568,-83.6956,0,NaN,NaN,NaN,-2.00,NaN,1.0,1000,1000,1000,59.8781,375.5,NaN,NaN,NaN,NaN,
49.6454,455,792,363400,42.2568,-83.6956,0,NaN,NaN,NaN,-2.00,NaN,1.0,1000,1000,1000,59.8781,375.5,NaN,NaN,NaN,NaN,
49.6454,455,792,364400,42.2568,-83.6956,0,NaN,NaN,NaN,-2.00,NaN,1.0,1000,1000,1000,59.8781,375.5,NaN,NaN,NaN,NaN,
49.6454,455,792,365400,42.2568,-83.6956,0,NaN,NaN,NaN,-2.00,NaN,1.0,1000,1000,1000,59.8781,375.5,NaN,NaN,NaN,NaN,
49.6454,455,792,367000,42.2568,-83.6955,0,NaN,NaN,NaN,-2.00,NaN,1.0,1000,1000,1000,59.8781,375.5,NaN,NaN,NaN,NaN,
49.6454,455,792,367500,42.2568,-83.6955,0,NaN,NaN,NaN,-2.00,NaN,1.0,1000,1000,1000,59.8781,375.5,NaN,NaN,NaN,NaN,
49.6454,455,792,369600,42.2568,-83.6955,0,NaN,NaN,NaN,-2.00,NaN,1.0,1000,1000,1000,59.8781,375.5,NaN,NaN,NaN,NaN,
49.6454,455,792,373800,42.2568,-83.6955,0,NaN,NaN,NaN,-2.00,NaN,1.0,1000,1000,1000,59.8781,375.5,NaN,NaN,NaN,NaN,
49.6454,455,792,375900,42.2568,-83.6955,0,NaN,NaN,NaN,-2.00,NaN,1.0,1000,1000,1000,59.8781,375.5,NaN,NaN,NaN,NaN,
49.6454,455,792,377000,42.2568,-83.6955,0,NaN,NaN,NaN,-2.00,NaN,1.0,1000,1000,1000,59.8781,375.5,NaN,NaN,NaN,NaN,
49.6454,455,792,378000,42.2568,-83.6955,0,NaN,NaN,NaN,-2.00,NaN,1.0,1000,1000,1000,59.8781,375.5,NaN,NaN,NaN,NaN,
49.6454,455,792,378100,42.2568,-83.6956,0,NaN,NaN,NaN,-2.00,NaN,1.0,1000,1000,1000,59.8781,375.5,NaN,NaN,NaN,NaN,
49.6454,455,792,378700,42.2568,-83.6956,3.86,NaN,NaN,NaN,-2.00,NaN,1.0,1000,1000,1000,59.7561,375.5,NaN,NaN,NaN,NaN,
49.6454,455,792,378800,42.2568,-83.6956,3.86,NaN,NaN,NaN,-2.00,NaN,1.0,1000,1000,1000,59.7561,373.5,NaN,NaN,NaN,NaN,
49.6454,455,792,379200,42.2568,-83.6956,3.86,NaN,NaN,NaN,-2.00,NaN,0.9,900,900,750,59.7561,373.5,NaN,NaN,NaN,NaN,
49.6454,455,792,379700,42.2568,-83.6956,11.23,NaN,NaN,NaN,-2.00,NaN,0.9,900,900,750,59.7561,373.5,NaN,NaN,NaN,NaN,
49.6454,455,792,380800,42.2568,-83.6956,18.07,NaN,NaN,NaN,-2.00,NaN,0.9,900,900,750,59.7561,373.5,NaN,NaN,NaN,NaN,
49.6454,455,792,381200,42.2569,-83.6955,18.07,NaN,NaN,NaN,-2.00,NaN,0.9,900,900,750,59.7561,373.5,NaN,NaN,NaN,NaN,
49.6454,455,792,381800,42.2569,-83.6955,23.85,NaN,NaN,NaN,-2.00,NaN,0.9,900,900,750,59.7561,373.5,NaN,NaN,NaN,NaN,
49.6454,455,792,382000,42.2569,-83.6955,23.85,NaN,NaN,NaN,-2.00,NaN,0.9,900,900,750,59.7561,373.5,NaN,NaN,NaN,NaN,
49.6454,455,792,382800,42.2569,-83.6955,29.01,NaN,NaN,NaN,-2.00,NaN,0.9,900,900,750,59.7561,373.5,NaN,NaN,NaN,NaN,
49.6454,455,792,383600,42.2569,-83.6955,29.01,NaN,NaN,NaN,-2.00,NaN,0.9,900,900,750,59.7561,373.5,NaN,NaN,NaN,NaN,
49.6454,455,792,383800,42.2569,-83.6955,29.01,NaN,NaN,NaN,-2.00,NaN,0.9,900,900,750,59.7561,365.5,NaN,NaN,NaN,NaN,
49.6454,455,792,383900,42.2569,-83.6955,34.69,NaN,NaN,NaN,-2.00,NaN,0.9,900,900,750,59.7561,365.5,NaN,NaN,NaN,NaN,
49.6454,455,792,384000,42.2569,-83.6953,34.69,NaN,NaN,NaN,-2.00,NaN,0.9,900,900,750,59.7561,365.5,NaN,NaN,NaN,NaN,
49.6454,455,792,384900,42.2569,-83.6953,39.78,NaN,NaN,NaN,-2.00,NaN,0.9,900,900,750,59.7561,365.5,NaN,NaN,NaN,NaN,
49.6454,455,792,385100,42.2569,-83.6953,39.78,NaN,NaN,NaN,-2.00,NaN,0.9,900,900,750,59.7561,365.5,NaN,NaN,NaN,NaN,
49.6454,455,792,386000,42.2569,-83.6953,44.14,NaN,NaN,NaN,-2.00,NaN,0.9,900,900,750,59.7561,365.5,NaN,NaN,NaN,NaN,
49.6454,455,792,387000,42.2569,-83.6953,47.79,NaN,NaN,NaN,-2.00,NaN,0.9,900,900,750,59.7561,365.5,NaN,NaN,NaN,NaN,
49.6454,455,792,387200,42.2568,-83.6948,47.79,NaN,NaN,NaN,-2.00,NaN,0.9,900,900,750,59.7561,365.5,NaN,NaN,NaN,NaN,
49.6454,455,792,388000,42.2568,-83.6948,51.06,NaN,NaN,NaN,-2.00,NaN,0.9,900,900,750,59.7561,365.5,NaN,NaN,NaN,NaN,
49.6454,455,792,388800,42.2568,-83.6948,51.06,NaN,NaN,NaN,-2.00,NaN,0.9,900,900,750,59.7561,360.5,NaN,NaN,NaN,NaN,
49.6454,455,792,389100,42.2568,-83.6948,54.09,NaN,NaN,NaN,-2.00,NaN,0.9,900,900,750,59.7561,360.5,NaN,NaN,NaN,NaN,
49.6454,455,792,389200,42.2568,-83.6948,54.09,NaN,NaN,NaN,-2.00,NaN,0.9,900,900,750,59.7561,360.5,NaN,NaN,NaN,NaN,
49.6454,455,792,390000,42.2567,-83.6943,54.09,NaN,NaN,NaN,-2.00,NaN,0.9,900,900,750,59.7561,360.5,NaN,NaN,NaN,NaN,
49.6454,455,792,390100,42.2567,-83.6943,56.4,NaN,NaN,NaN,-2.00,NaN,0.9,900,900,750,59.7561,360.5,NaN,NaN,NaN,NaN,
49.6454,455,792,390300,42.2567,-83.6943,56.4,NaN,NaN,NaN,-2.00,NaN,0.9,900,900,750,59.7561,360.5,NaN,NaN,NaN,NaN,
49.6454,455,792,391200,42.2567,-83.6943,58.74,NaN,NaN,NaN,-2.00,NaN,0.9,900,900,750,59.7561,360.5,NaN,NaN,NaN,NaN,
49.6454,455,792,391300,42.2567,-83.6943,58.74,NaN,NaN,NaN,-2.00,NaN,0.9,900,900,750,59.7561,360.5,NaN,NaN,NaN,NaN,
49.6454,455,792,392200,42.2567,-83.6943,60.56,NaN,NaN,NaN,-2.00,NaN,0.9,900,900,750,59.7561,360.5,NaN,NaN,NaN,NaN,
49.6454,455,792,392400,42.2567,-83.6943,60.56,NaN,NaN,NaN,-2.00,NaN,0.9,900,900,750,59.7561,360.5,NaN,NaN,NaN,NaN,
49.6454,455,792,393100,42.2566,-83.6937,60.56,NaN,NaN,NaN,-2.00,NaN,0.9,900,900,750,59.7561,360.5,NaN,NaN,NaN,NaN,
49.6454,455,792,393200,42.2566,-83.6937,62.63,NaN,NaN,NaN,-2.00,NaN,0.9,900,900,750,59.7561,360.5,NaN,NaN,NaN,NaN,
49.6454,455,792,393400,42.2566,-83.6937,62.63,NaN,NaN,NaN,-2.00,NaN,0.9,900,900,750,59.7561,360.5,NaN,NaN,NaN,NaN,
49.6454,455,792,393900,42.2566,-83.6937,62.63,NaN,NaN,NaN,-2.00,NaN,0.9,900,900,750,59.7561,364,NaN,NaN,NaN,NaN,
49.6454,455,792,394300,42.2566,-83.6937,63.35,NaN,NaN,NaN,-2.00,NaN,0.9,900,900,750,59.7561,364,NaN,NaN,NaN,NaN,
49.6454,455,792,394400,42.2566,-83.6937,63.35,NaN,NaN,NaN,-2.00,NaN,0.9,900,900,750,59.7561,364,NaN,NaN,NaN,NaN,
49.6454,455,792,395300,42.2566,-83.6937,63.67,NaN,NaN,NaN,-2.00,NaN,0.9,900,900,750,59.7561,364,NaN,NaN,NaN,NaN,
49.6454,455,792,395500,42.2566,-83.6937,63.67,NaN,NaN,NaN,-2.00,NaN,0.9,900,900,750,59.7561,364,NaN,NaN,NaN,NaN,
49.6454,455,792,396000,42.2564,-83.6932,63.67,NaN,NaN,NaN,-2.00,NaN,0.9,900,900,750,59.7561,364,NaN,NaN,NaN,NaN,
49.6454,455,792,396400,42.2564,-83.6932,63.58,NaN,NaN,NaN,-2.00,NaN,0.9,900,900,750,59.7561,364,NaN,NaN,NaN,NaN,
49.6454,455,792,396500,42.2564,-83.6932,63.58,NaN,NaN,NaN,-2.00,NaN,0.9,900,900,750,59.7561,364,NaN,NaN,NaN,NaN,
49.6454,455,792,397400,42.2564,-83.6932,63.19,NaN,NaN,NaN,-2.00,NaN,0.9,900,900,750,59.7561,364,NaN,NaN,NaN,NaN,
49.6454,455,792,397600,42.2564,-83.6932,63.19,NaN,NaN,NaN,-2.00,NaN,0.9,900,900,750,59.7561,364,NaN,NaN,NaN,NaN,
49.6454,455,792,398400,42.2564,-83.6932,60.54,NaN,NaN,NaN,-2.00,NaN,0.9,900,900,750,59.7561,364,NaN,NaN,NaN,NaN,
49.6454,455,792,398600,42.2564,-83.6932,60.54,NaN,NaN,NaN,-2.00,NaN,0.9,900,900,750,59.7561,364,NaN,NaN,NaN,NaN,
49.6454,455,792,398900,42.2564,-83.6932,60.54,NaN,NaN,NaN,-2.00,NaN,0.9,900,900,750,59.7561,373.5,NaN,NaN,NaN,NaN,
49.6454,455,792,399100,42.2562,-83.6926,60.54,NaN,NaN,NaN,-2.00,NaN,0.9,900,900,750,59.7561,373.5,NaN,NaN,NaN,NaN,
49.6454,455,792,399500,42.2562,-83.6926,56.36,NaN,NaN,NaN,-2.00,NaN,0.9,900,900,750,59.7561,373.5,NaN,NaN,NaN,NaN,
49.6454,455,792,399600,42.2562,-83.6926,56.36,NaN,NaN,NaN,-2.00,NaN,0.9,900,900,750,59.7561,373.5,NaN,NaN,NaN,NaN,
49.6454,455,792,400500,42.2562,-83.6926,54.04,NaN,NaN,NaN,-2.00,NaN,0.9,900,900,750,59.7561,373.5,NaN,NaN,NaN,NaN,
49.6454,455,792,400700,42.2562,-83.6926,54.04,NaN,NaN,NaN,-2.00,NaN,0.9,900,900,750,59.7561,373.5,NaN,NaN,NaN,NaN,
49.6454,455,792,401600,42.2562,-83.6926,52.74,NaN,NaN,NaN,-2.00,NaN,0.9,900,900,750,59.7561,373.5,NaN,NaN,NaN,NaN,
49.6454,455,792,401700,42.2562,-83.6926,52.74,NaN,NaN,NaN,-2.00,NaN,0.9,900,900,750,59.7561,373.5,NaN,NaN,NaN,NaN,
49.6454,455,792,402100,42.2561,-83.6921,52.74,NaN,NaN,NaN,-2.00,NaN,0.9,900,900,750,59.7561,373.5,NaN,NaN,NaN,NaN,
49.6454,455,792,402600,42.2561,-83.6921,52.05,NaN,NaN,NaN,-2.00,NaN,0.9,900,900,750,59.7561,373.5,NaN,NaN,NaN,NaN,
49.6454,455,792,402800,42.2561,-83.6921,52.05,NaN,NaN,NaN,-2.00,NaN,0.9,900,900,750,59.7561,373.5,NaN,NaN,NaN,NaN,
49.6454,455,792,403600,42.2561,-83.6921,50.61,NaN,NaN,NaN,-2.00,NaN,0.9,900,900,750,59.7561,373.5,NaN,NaN,NaN,NaN,
49.6454,455,792,403800,42.2561,-83.6921,50.61,NaN,NaN,NaN,-2.00,NaN,0.9,900,900,750,59.7561,373.5,NaN,NaN,NaN,NaN,
49.6454,455,792,404000,42.2561,-83.6921,50.61,NaN,NaN,NaN,-2.00,NaN,0.9,900,900,750,59.7561,371.5,NaN,NaN,NaN,NaN,
49.6454,455,792,404700,42.2561,-83.6921,47.31,NaN,NaN,NaN,-2.00,NaN,0.9,900,900,750,59.7561,371.5,NaN,NaN,NaN,NaN,
49.6454,455,792,404800,42.2561,-83.6921,47.31,NaN,NaN,NaN,-2.00,NaN,0.9,900,900,750,59.7561,371.5,NaN,NaN,NaN,NaN,
49.6454,455,792,405700,42.2561,-83.6921,43.21,NaN,NaN,NaN,-2.00,NaN,0.9,900,900,750,59.7561,371.5,NaN,NaN,NaN,NaN,
49.6454,455,792,405900,42.2561,-83.6921,43.21,NaN,NaN,NaN,-2.00,NaN,0.9,900,900,750,59.7561,371.5,NaN,NaN,NaN,NaN,
49.6454,455,792,406000,42.256,-83.6914,43.21,NaN,NaN,NaN,-2.00,NaN,0.9,900,900,750,59.7561,371.5,NaN,NaN,NaN,NaN,
49.6454,455,792,406800,42.256,-83.6914,39.35,NaN,NaN,NaN,-2.00,NaN,0.9,900,900,750,59.7561,371.5,NaN,NaN,NaN,NaN,
49.6454,455,792,406900,42.256,-83.6914,39.35,NaN,NaN,NaN,-2.00,NaN,0.9,900,900,750,59.7561,371.5,NaN,NaN,NaN,NaN,
49.6454,455,792,407800,42.256,-83.6914,35.47,NaN,NaN,NaN,-2.00,NaN,0.9,900,900,750,59.7561,371.5,NaN,NaN,NaN,NaN,
49.6454,455,792,407900,42.256,-83.6914,35.47,NaN,NaN,NaN,-2.00,NaN,0.9,900,900,750,59.7561,371.5,NaN,NaN,NaN,NaN,
49.6454,455,792,408900,42.256,-83.6914,31.93,NaN,NaN,NaN,-2.00,NaN,0.9,900,900,750,59.7561,371.5,NaN,NaN,NaN,NaN,
49.6454,455,792,409000,42.256,-83.6911,31.93,NaN,NaN,NaN,-2.00,NaN,0.9,900,900,750,59.7561,376.5,NaN,NaN,NaN,NaN,
49.6454,455,792,410000,42.256,-83.6911,28.39,NaN,NaN,NaN,-2.00,NaN,0.9,900,900,750,59.7561,376.5,NaN,NaN,NaN,NaN,
49.6454,455,792,410100,42.256,-83.6911,28.39,NaN,NaN,NaN,-2.00,NaN,0.9,900,900,750,59.7561,376.5,NaN,NaN,NaN,NaN,
49.6454,455,792,411000,42.256,-83.6911,24.87,NaN,NaN,NaN,-2.00,NaN,0.9,900,900,750,59.7561,376.5,NaN,NaN,NaN,NaN,
49.6454,455,792,411100,42.256,-83.6911,24.87,NaN,NaN,NaN,-2.00,NaN,0.9,900,900,750,59.7561,376.5,NaN,NaN,NaN,NaN,
49.6454,455,792,412000,42.256,-83.6911,21.33,NaN,NaN,NaN,-2.00,NaN,0.9,900,900,750,59.7561,376.5,NaN,NaN,NaN,NaN,
49.6454,455,792,412100,42.2559,-83.6909,21.33,NaN,NaN,NaN,-2.00,NaN,0.9,900,900,750,59.7561,376.5,NaN,NaN,NaN,NaN,
49.6454,455,792,412200,42.2559,-83.6909,21.33,NaN,NaN,NaN,-2.00,NaN,0.9,900,900,750,59.7561,376.5,NaN,NaN,NaN,NaN,
49.6454,455,792,413000,42.2559,-83.6909,16.38,NaN,NaN,NaN,-2.00,NaN,0.9,900,900,750,59.7561,376.5,NaN,NaN,NaN,NaN,
49.6454,455,792,413200,42.2559,-83.6909,16.38,NaN,NaN,NaN,-2.00,NaN,0.9,900,900,750,59.7561,376.5,NaN,NaN,NaN,NaN,
49.6454,455,792,414000,42.2559,-83.6909,16.38,NaN,NaN,NaN,-2.00,NaN,0.9,900,900,750,59.7561,378.5,NaN,NaN,NaN,NaN,
49.6454,455,792,414100,42.2559,-83.6909,12.96,NaN,NaN,NaN,-2.00,NaN,0.9,900,900,750,59.7561,378.5,NaN,NaN,NaN,NaN,
49.6454,455,792,414200,42.2559,-83.6909,12.96,NaN,NaN,NaN,-2.00,NaN,0.9,900,900,750,59.7561,378.5,NaN,NaN,NaN,NaN,
49.6454,455,792,415100,42.2559,-83.6908,9.21,NaN,NaN,NaN,-2.00,NaN,0.9,900,900,750,59.7561,378.5,NaN,NaN,NaN,NaN,
49.6454,455,792,415300,42.2559,-83.6908,9.21,NaN,NaN,NaN,-2.00,NaN,0.9,900,900,750,59.7561,378.5,NaN,NaN,NaN,NaN,
49.6454,455,792,416200,42.2559,-83.6908,6.01,NaN,NaN,NaN,-2.00,NaN,0.9,900,900,750,59.7561,378.5,NaN,NaN,NaN,NaN,
49.6454,455,792,416300,42.2559,-83.6908,6.01,NaN,NaN,NaN,-2.00,NaN,0.9,900,900,750,59.7561,378.5,NaN,NaN,NaN,NaN,
49.6454,455,792,417200,42.2559,-83.6908,3.71,NaN,NaN,NaN,-2.00,NaN,0.9,900,900,750,59.7561,378.5,NaN,NaN,NaN,NaN,
49.6454,455,792,417800,42.2559,-83.6908,0,NaN,NaN,NaN,-2.00,NaN,0.9,900,900,750,59.0244,374,NaN,NaN,NaN,NaN,
49.6454,455,792,417900,42.2559,-83.6908,0,NaN,NaN,NaN,-2.00,NaN,0.9,900,900,750,59.0244,374,NaN,NaN,NaN,NaN,
49.6454,455,792,420000,42.2559,-83.6908,0,NaN,NaN,NaN,-2.00,NaN,0.9,900,900,750,59.0244,374,NaN,NaN,NaN,NaN,
49.6454,455,792,421000,42.2559,-83.6908,0,NaN,NaN,NaN,-2.00,NaN,0.9,900,900,750,59.0244,374,NaN,NaN,NaN,NaN,
49.6454,455,792,422900,42.2559,-83.6908,0,NaN,NaN,NaN,-2.00,NaN,0.9,900,900,750,59.0244,373.5,NaN,NaN,NaN,NaN,
49.6454,455,792,424200,42.2559,-83.6908,0,NaN,NaN,NaN,-2.00,NaN,0.9,900,900,750,59.0244,373.5,NaN,NaN,NaN,NaN,
49.6454,455,792,425200,42.2559,-83.6908,0,NaN,NaN,NaN,-2.00,NaN,0.9,900,900,750,59.0244,373.5,NaN,NaN,NaN,NaN,
49.6454,455,792,426200,42.2559,-83.6908,0,NaN,NaN,NaN,-2.00,NaN,0.9,900,900,750,59.0244,373.5,NaN,NaN,NaN,NaN,
49.6454,455,792,427300,42.2559,-83.6908,0,NaN,NaN,NaN,-2.00,NaN,0.9,900,900,750,59.0244,373.5,NaN,NaN,NaN,NaN,
49.6454,455,792,427900,42.2559,-83.6908,0,NaN,NaN,NaN,-2.00,NaN,0.9,900,900,750,59.0244,374,NaN,NaN,NaN,NaN,
49.6454,455,792,428300,42.2559,-83.6908,0,NaN,NaN,NaN,-2.00,NaN,0.9,900,900,750,59.0244,374,NaN,NaN,NaN,NaN,
49.6454,455,792,429400,42.2559,-83.6908,0,NaN,NaN,NaN,-2.00,NaN,0.9,900,900,750,59.0244,374,NaN,NaN,NaN,NaN,
49.6454,455,792,430400,42.2559,-83.6908,0,NaN,NaN,NaN,-2.00,NaN,0.9,900,900,750,59.0244,374,NaN,NaN,NaN,NaN,
49.6454,455,792,431400,42.2559,-83.6908,0,NaN,NaN,NaN,-2.00,NaN,0.9,900,900,750,59.0244,374,NaN,NaN,NaN,NaN,
49.6454,455,792,432500,42.2559,-83.6908,0,NaN,NaN,NaN,-2.00,NaN,0.9,900,900,750,59.0244,374,NaN,NaN,NaN,NaN,
49.6454,455,792,433500,42.2559,-83.6908,0,NaN,NaN,NaN,-2.00,NaN,0.9,900,900,750,59.0244,374,NaN,NaN,NaN,NaN,
49.6454,455,792,435600,42.2559,-83.6908,0,NaN,NaN,NaN,-2.00,NaN,0.9,900,900,750,59.0244,374,NaN,NaN,NaN,NaN,
49.6454,455,792,436600,42.2559,-83.6908,0,NaN,NaN,NaN,-2.00,NaN,0.9,900,900,750,59.0244,374,NaN,NaN,NaN,NaN,
49.6454,455,792,437700,42.2559,-83.6908,0,NaN,NaN,NaN,-2.00,NaN,0.9,900,900,750,59.0244,374,NaN,NaN,NaN,NaN,
49.6454,455,792,439800,42.2559,-83.6908,0,NaN,NaN,NaN,-2.00,NaN,0.9,900,900,750,59.0244,374,NaN,NaN,NaN,NaN,
49.6454,455,792,440800,42.2559,-83.6908,0,NaN,NaN,NaN,-2.00,NaN,0.9,900,900,750,59.0244,374,NaN,NaN,NaN,NaN,
49.6454,455,792,443000,42.2559,-83.6908,0,NaN,NaN,NaN,-2.00,NaN,0.9,900,900,750,59.0244,374,NaN,NaN,NaN,NaN,
49.6454,455,792,445100,42.2558,-83.6907,0,NaN,NaN,NaN,-2.00,NaN,0.9,900,900,750,59.0244,374,NaN,NaN,NaN,NaN,
49.6454,455,792,446100,42.2558,-83.6907,0,NaN,NaN,NaN,-2.00,NaN,0.9,900,900,750,59.0244,374,NaN,NaN,NaN,NaN,
49.6454,455,792,447200,42.2558,-83.6907,0,NaN,NaN,NaN,-2.00,NaN,0.9,900,900,750,59.0244,374,NaN,NaN,NaN,NaN,
49.6454,455,792,449200,42.2558,-83.6907,0,NaN,NaN,NaN,-2.00,NaN,0.9,900,900,750,59.0244,374,NaN,NaN,NaN,NaN,
49.6454,455,792,450300,42.2558,-83.6907,0,NaN,NaN,NaN,-2.00,NaN,0.9,900,900,750,59.0244,374,NaN,NaN,NaN,NaN,
49.6454,455,792,452400,42.2558,-83.6907,0,NaN,NaN,NaN,-2.00,NaN,0.9,900,900,750,59.0244,374,NaN,NaN,NaN,NaN,
49.6454,455,792,453200,42.2558,-83.6907,0,NaN,NaN,NaN,-2.00,NaN,0.9,900,900,750,59.0244,374.5,NaN,NaN,NaN,NaN,
49.6454,455,792,454400,42.2558,-83.6907,0,NaN,NaN,NaN,-2.00,NaN,0.9,900,900,750,59.0244,374.5,NaN,NaN,NaN,NaN,
49.6454,455,792,455500,42.2558,-83.6907,0,NaN,NaN,NaN,-2.00,NaN,0.9,900,900,750,59.0244,374.5,NaN,NaN,NaN,NaN,
49.6454,455,792,457600,42.2558,-83.6907,0,NaN,NaN,NaN,-2.00,NaN,0.9,900,900,750,59.0244,374.5,NaN,NaN,NaN,NaN,
49.6454,455,792,458600,42.2558,-83.6907,0,NaN,NaN,NaN,-2.00,NaN,0.9,900,900,750,59.0244,374.5,NaN,NaN,NaN,NaN,
49.6454,455,792,459000,42.2558,-83.6907,0,NaN,NaN,NaN,-2.00,NaN,0.9,900,900,750,59.0244,374.5,NaN,NaN,NaN,NaN,
49.6454,455,792,459700,42.2558,-83.6907,5.99,NaN,NaN,NaN,-2.00,NaN,0.9,900,900,750,58.7805,374.5,NaN,NaN,NaN,NaN,
49.6454,455,792,459800,42.2558,-83.6907,5.99,NaN,NaN,NaN,-2.00,NaN,0.9,900,900,750,58.7805,372,NaN,NaN,NaN,NaN,
49.6454,455,792,459900,42.2558,-83.6907,5.99,NaN,NaN,NaN,-2.00,NaN,0.9,900,900,750,58.7805,372,NaN,NaN,NaN,NaN,
49.6454,455,792,460300,42.2558,-83.6907,5.99,NaN,NaN,NaN,-2.00,NaN,0.9,900,900,500,58.7805,372,NaN,NaN,NaN,NaN,
49.6454,455,792,460800,42.2558,-83.6907,12.42,NaN,NaN,NaN,-2.00,NaN,0.9,900,900,500,58.7805,372,NaN,NaN,NaN,NaN,
49.6454,455,792,461800,42.2558,-83.6907,19.03,NaN,NaN,NaN,-2.00,NaN,0.9,900,900,500,58.7805,372,NaN,NaN,NaN,NaN,
49.6454,455,792,462000,42.2558,-83.6907,19.03,NaN,NaN,NaN,-2.00,NaN,0.9,900,900,500,58.7805,372,NaN,NaN,NaN,NaN,
