DayNum,VehId,Trip,Timestamp(ms),Latitude[deg],Longitude[deg],Vehicle Speed[km/h],MAF[g/sec],Engine RPM[RPM],Absolute Load[%],OAT[DegC],Fuel Rate[L/hr],Air Conditioning Power[kW],Air Conditioning Power[Watts],Heater Power[Watts],HV Battery Current[A],HV Battery SOC[%],HV Battery Voltage[V],Short Term Fuel Trim Bank 1[%],Short Term Fuel Trim Bank 2[%],Long Term Fuel Trim Bank 1[%],Long Term Fuel Trim Bank 2[%]
351.497,455,2287,0,42.2608,-83.7299,38.58,NaN,NaN,NaN,11.50,NaN,0.2,200,750,4.5,66.8293,377.5,NaN,NaN,NaN,NaN
351.497,455,2287,1000,42.2608,-83.7299,40.06,NaN,NaN,NaN,11.50,NaN,0.2,200,750,4.5,66.8293,377.5,NaN,NaN,NaN,NaN
351.497,455,2287,1200,42.2608,-83.7299,40.06,NaN,NaN,NaN,11.50,NaN,0.2,200,750,-41,66.8293,377.5,NaN,NaN,NaN,NaN
351.497,455,2287,2000,42.2608,-83.7299,42.36,NaN,NaN,NaN,11.50,NaN,0.2,200,750,-41,66.8293,377.5,NaN,NaN,NaN,NaN
351.497,455,2287,2900,42.2611,-83.7301,42.36,NaN,NaN,NaN,11.50,NaN,0.2,200,750,-41,66.8293,377.5,NaN,NaN,NaN,NaN
351.497,455,2287,3100,42.2611,-83.7301,43.83,NaN,NaN,NaN,11.50,NaN,0.2,200,750,-41,66.8293,377.5,NaN,NaN,NaN,NaN
351.497,455,2287,3200,42.2611,-83.7301,43.83,NaN,NaN,NaN,11.50,NaN,0.2,200,750,-37.5,66.8293,377.5,NaN,NaN,NaN,NaN
351.497,455,2287,4100,42.2611,-83.7301,44.98,NaN,NaN,NaN,11.50,NaN,0.2,200,750,-37.5,66.8293,377.5,NaN,NaN,NaN,NaN
351.497,455,2287,4300,42.2611,-83.7301,44.98,NaN,NaN,NaN,11.50,NaN,0.2,200,750,-18,66.8293,377.5,NaN,NaN,NaN,NaN
351.497,455,2287,4400,42.2611,-83.7301,44.98,NaN,NaN,NaN,11.50,NaN,0.2,200,750,-18,66.8293,377,NaN,NaN,NaN,NaN
351.497,455,2287,5200,42.2611,-83.7301,45.8,NaN,NaN,NaN,11.50,NaN,0.2,200,750,-18,66.8293,377,NaN,NaN,NaN,NaN
351.497,455,2287,5900,42.2614,-83.7303,45.8,NaN,NaN,NaN,11.50,NaN,0.2,200,750,-18,66.8293,377,NaN,NaN,NaN,NaN
351.497,455,2287,6200,42.2614,-83.7303,45.82,NaN,NaN,NaN,11.50,NaN,0.2,200,750,-18,66.8293,377,NaN,NaN,NaN,NaN
351.497,455,2287,6400,42.2614,-83.7303,45.82,NaN,NaN,NaN,11.50,NaN,0.2,200,750,-23.5,66.8293,377,NaN,NaN,NaN,NaN
351.497,455,2287,7200,42.2614,-83.7303,44.49,NaN,NaN,NaN,11.50,NaN,0.2,200,750,-23.5,66.8293,377,NaN,NaN,NaN,NaN
351.497,455,2287,7400,42.2614,-83.7303,44.49,NaN,NaN,NaN,11.50,NaN,0.2,200,750,-19,66.8293,377,NaN,NaN,NaN,NaN
351.497,455,2287,9000,42.2616,-83.7306,44.49,NaN,NaN,NaN,11.50,NaN,0.2,200,750,-19,66.8293,377,NaN,NaN,NaN,NaN
351.497,455,2287,9400,42.2616,-83.7306,44.85,NaN,NaN,NaN,11.50,NaN,0.2,200,750,-19,66.8293,377,NaN,NaN,NaN,NaN
351.497,455,2287,9500,42.2616,-83.7306,44.85,NaN,NaN,NaN,11.50,NaN,0.2,200,750,-19,66.8293,379,NaN,NaN,NaN,NaN
351.497,455,2287,9600,42.2616,-83.7306,44.85,NaN,NaN,NaN,11.50,NaN,0.2,200,750,-22.5,66.8293,379,NaN,NaN,NaN,NaN
351.497,455,2287,10400,42.2616,-83.7306,45.7,NaN,NaN,NaN,11.50,NaN,0.2,200,750,-22.5,66.8293,379,NaN,NaN,NaN,NaN
351.497,455,2287,10700,42.2616,-83.7306,45.7,NaN,NaN,NaN,11.50,NaN,0.2,200,750,-37.5,66.8293,379,NaN,NaN,NaN,NaN
351.497,455,2287,11500,42.2616,-83.7306,46.82,NaN,NaN,NaN,11.50,NaN,0.2,200,750,-37.5,66.8293,379,NaN,NaN,NaN,NaN
351.497,455,2287,12000,42.2619,-83.7308,46.82,NaN,NaN,NaN,11.50,NaN,0.2,200,750,-37.5,66.8293,379,NaN,NaN,NaN,NaN
351.497,455,2287,12600,42.2619,-83.7308,47.23,NaN,NaN,NaN,11.50,NaN,0.2,200,750,-37.5,66.8293,379,NaN,NaN,NaN,NaN
351.497,455,2287,12800,42.2619,-83.7308,47.23,NaN,NaN,NaN,11.50,NaN,0.2,200,750,-20,66.8293,379,NaN,NaN,NaN,NaN
351.497,455,2287,13600,42.2619,-83.7308,47.56,NaN,NaN,NaN,11.50,NaN,0.2,200,750,-20,66.8293,379,NaN,NaN,NaN,NaN
351.497,455,2287,13800,42.2619,-83.7308,47.56,NaN,NaN,NaN,11.50,NaN,0.2,200,750,-24,66.8293,379,NaN,NaN,NaN,NaN
351.497,455,2287,14500,42.2619,-83.7308,47.56,NaN,NaN,NaN,11.50,NaN,0.2,200,750,-24,66.8293,378,NaN,NaN,NaN,NaN
351.497,455,2287,14600,42.2619,-83.7308,48.05,NaN,NaN,NaN,11.50,NaN,0.2,200,750,-24,66.8293,378,NaN,NaN,NaN,NaN
351.497,455,2287,14900,42.2621,-83.7311,48.05,NaN,NaN,NaN,11.50,NaN,0.2,200,750,-20.5,66.8293,378,NaN,NaN,NaN,NaN
351.497,455,2287,15700,42.2621,-83.7311,48.74,NaN,NaN,NaN,11.50,NaN,0.2,200,750,-20.5,66.8293,378,NaN,NaN,NaN,NaN
351.497,455,2287,15900,42.2621,-83.7311,48.74,NaN,NaN,NaN,11.50,NaN,0.2,200,750,19,66.8293,378,NaN,NaN,NaN,NaN
351.497,455,2287,16700,42.2621,-83.7311,47.42,NaN,NaN,NaN,11.50,NaN,0.2,200,750,19,66.8293,378,NaN,NaN,NaN,NaN
351.497,455,2287,17800,42.2621,-83.7311,45.77,NaN,NaN,NaN,11.50,NaN,0.2,200,750,19,66.8293,378,NaN,NaN,NaN,NaN
351.497,455,2287,17900,42.2624,-83.7314,45.77,NaN,NaN,NaN,11.50,NaN,0.2,200,750,19,66.8293,378,NaN,NaN,NaN,NaN
351.497,455,2287,18000,42.2624,-83.7314,45.77,NaN,NaN,NaN,11.50,NaN,0.2,200,750,6.5,66.8293,378,NaN,NaN,NaN,NaN
351.497,455,2287,18800,42.2624,-83.7314,45.32,NaN,NaN,NaN,11.50,NaN,0.2,200,750,6.5,66.8293,378,NaN,NaN,NaN,NaN
351.497,455,2287,19000,42.2624,-83.7314,45.32,NaN,NaN,NaN,11.50,NaN,0.2,200,750,-6.5,66.8293,378,NaN,NaN,NaN,NaN
351.497,455,2287,19500,42.2624,-83.7314,45.32,NaN,NaN,NaN,11.50,NaN,0.2,200,750,-6.5,66.8293,380,NaN,NaN,NaN,NaN
351.497,455,2287,19800,42.2624,-83.7314,44.77,NaN,NaN,NaN,11.50,NaN,0.2,200,750,-6.5,66.8293,380,NaN,NaN,NaN,NaN
351.497,455,2287,20100,42.2624,-83.7314,44.77,NaN,NaN,NaN,11.50,NaN,0.2,200,750,1,66.8293,380,NaN,NaN,NaN,NaN
351.497,455,2287,20900,42.2627,-83.7316,44.14,NaN,NaN,NaN,11.50,NaN,0.2,200,750,1,66.8293,380,NaN,NaN,NaN,NaN
351.497,455,2287,21100,42.2627,-83.7316,44.14,NaN,NaN,NaN,11.50,NaN,0.2,200,750,-14,66.8293,380,NaN,NaN,NaN,NaN
351.497,455,2287,21900,42.2627,-83.7316,44.48,NaN,NaN,NaN,11.50,NaN,0.2,200,750,-14,66.8293,380,NaN,NaN,NaN,NaN
351.497,455,2287,23000,42.2627,-83.7316,45.32,NaN,NaN,NaN,11.50,NaN,0.2,200,750,-14,66.8293,380,NaN,NaN,NaN,NaN
351.497,455,2287,23200,42.2627,-83.7316,45.32,NaN,NaN,NaN,11.50,NaN,0.2,200,750,-7,66.8293,380,NaN,NaN,NaN,NaN
351.497,455,2287,23900,42.2629,-83.7319,45.32,NaN,NaN,NaN,11.50,NaN,0.2,200,750,-7,66.8293,380,NaN,NaN,NaN,NaN
351.497,455,2287,24000,42.2629,-83.7319,45.18,NaN,NaN,NaN,11.50,NaN,0.2,200,750,-7,66.8293,380,NaN,NaN,NaN,NaN
351.497,455,2287,25000,42.2629,-83.7319,44.23,NaN,NaN,NaN,11.50,NaN,0.2,200,750,-7,66.8293,380,NaN,NaN,NaN,NaN
351.497,455,2287,25300,42.2629,-83.7319,44.23,NaN,NaN,NaN,11.50,NaN,0.2,200,750,-16,66.8293,380,NaN,NaN,NaN,NaN
351.497,455,2287,26100,42.2629,-83.7319,44.21,NaN,NaN,NaN,11.50,NaN,0.2,200,750,-16,66.8293,380,NaN,NaN,NaN,NaN
351.497,455,2287,27000,42.2632,-83.7322,44.21,NaN,NaN,NaN,11.50,NaN,0.2,200,750,-16,66.8293,380,NaN,NaN,NaN,NaN
351.497,455,2287,27100,42.2632,-83.7322,43.94,NaN,NaN,NaN,11.50,NaN,0.2,200,750,-16,66.8293,380,NaN,NaN,NaN,NaN
351.497,455,2287,27400,42.2632,-83.7322,43.94,NaN,NaN,NaN,11.50,NaN,0.2,200,750,18.5,66.8293,380,NaN,NaN,NaN,NaN
351.497,455,2287,28200,42.2632,-83.7322,41.56,NaN,NaN,NaN,11.50,NaN,0.2,200,750,18.5,66.8293,380,NaN,NaN,NaN,NaN
351.497,455,2287,28400,42.2632,-83.7322,41.56,NaN,NaN,NaN,11.50,NaN,0.2,200,750,3.5,66.8293,380,NaN,NaN,NaN,NaN
351.497,455,2287,29200,42.2632,-83.7322,39.75,NaN,NaN,NaN,11.50,NaN,0.2,200,750,3.5,66.8293,380,NaN,NaN,NaN,NaN
351.497,455,2287,29600,42.2632,-83.7322,39.75,NaN,NaN,NaN,11.50,NaN,0.2,200,750,3.5,66.8293,381,NaN,NaN,NaN,NaN
351.497,455,2287,30000,42.2634,-83.7324,39.75,NaN,NaN,NaN,11.50,NaN,0.2,200,750,3.5,66.8293,381,NaN,NaN,NaN,NaN
351.497,455,2287,30200,42.2634,-83.7324,37.69,NaN,NaN,NaN,11.50,NaN,0.2,200,750,3.5,66.8293,381,NaN,NaN,NaN,NaN
351.497,455,2287,30500,42.2634,-83.7324,37.69,NaN,NaN,NaN,11.50,NaN,0.2,200,750,-5,66.8293,381,NaN,NaN,NaN,NaN
351.497,455,2287,31300,42.2634,-83.7324,36.48,NaN,NaN,NaN,11.50,NaN,0.2,200,750,-5,66.8293,381,NaN,NaN,NaN,NaN
351.497,455,2287,32300,42.2634,-83.7324,36.67,NaN,NaN,NaN,11.50,NaN,0.2,200,750,-5,66.8293,381,NaN,NaN,NaN,NaN
351.497,455,2287,32600,42.2634,-83.7324,36.67,NaN,NaN,NaN,11.50,NaN,0.2,200,750,-11.5,66.8293,381,NaN,NaN,NaN,NaN
351.497,455,2287,32900,42.2636,-83.7326,36.67,NaN,NaN,NaN,11.50,NaN,0.2,200,750,-11.5,66.8293,381,NaN,NaN,NaN,NaN
351.497,455,2287,33400,42.2636,-83.7326,37.56,NaN,NaN,NaN,11.50,NaN,0.2,200,750,-11.5,66.8293,381,NaN,NaN,NaN,NaN
351.497,455,2287,33600,42.2636,-83.7326,37.56,NaN,NaN,NaN,11.50,NaN,0.2,200,750,-20.5,66.8293,381,NaN,NaN,NaN,NaN
351.497,455,2287,34400,42.2636,-83.7326,38.54,NaN,NaN,NaN,11.50,NaN,0.2,200,750,-20.5,66.8293,381,NaN,NaN,NaN,NaN
351.497,455,2287,34600,42.2636,-83.7326,38.54,NaN,NaN,NaN,11.50,NaN,0.2,200,750,-23.5,66.8293,378.5,NaN,NaN,NaN,NaN
351.497,455,2287,35400,42.2636,-83.7326,39.4,NaN,NaN,NaN,11.50,NaN,0.2,200,750,-23.5,66.8293,378.5,NaN,NaN,NaN,NaN
351.497,455,2287,35700,42.2636,-83.7326,39.4,NaN,NaN,NaN,11.50,NaN,0.2,200,750,-13.5,66.8293,378.5,NaN,NaN,NaN,NaN
351.497,455,2287,36500,42.2636,-83.7326,40.36,NaN,NaN,NaN,11.50,NaN,0.2,200,750,-13.5,66.8293,378.5,NaN,NaN,NaN,NaN
351.497,455,2287,36700,42.2636,-83.7326,40.36,NaN,NaN,NaN,11.50,NaN,0.2,200,750,-25,66.8293,378.5,NaN,NaN,NaN,NaN
351.497,455,2287,36900,42.2639,-83.733,40.36,NaN,NaN,NaN,11.50,NaN,0.2,200,750,-25,66.8293,378.5,NaN,NaN,NaN,NaN
351.497,455,2287,37500,42.2639,-83.733,40.78,NaN,NaN,NaN,11.50,NaN,0.2,200,750,-25,66.8293,378.5,NaN,NaN,NaN,NaN
351.497,455,2287,37800,42.2639,-83.733,40.78,NaN,NaN,NaN,11.50,NaN,0.2,200,750,-22,66.8293,378.5,NaN,NaN,NaN,NaN
351.497,455,2287,38600,42.2639,-83.733,41.52,NaN,NaN,NaN,11.50,NaN,0.2,200,750,-22,66.8293,378.5,NaN,NaN,NaN,NaN
351.497,455,2287,38800,42.2639,-83.733,41.52,NaN,NaN,NaN,11.50,NaN,0.2,200,750,-37,66.8293,378.5,NaN,NaN,NaN,NaN
351.497,455,2287,39200,42.2639,-83.733,41.52,NaN,NaN,NaN,11.50,NaN,0.2,200,750,-37,66.3415,378.5,NaN,NaN,NaN,NaN
351.497,455,2287,39600,42.2639,-83.733,42.69,NaN,NaN,NaN,11.50,NaN,0.2,200,750,-37,66.3415,378.5,NaN,NaN,NaN,NaN
351.497,455,2287,39700,42.2639,-83.733,42.69,NaN,NaN,NaN,11.50,NaN,0.2,200,750,-37,66.3415,377.5,NaN,NaN,NaN,NaN
351.497,455,2287,39900,42.2642,-83.7332,42.69,NaN,NaN,NaN,11.50,NaN,0.2,200,750,-37,66.3415,377.5,NaN,NaN,NaN,NaN
351.497,455,2287,40600,42.2642,-83.7332,43.81,NaN,NaN,NaN,11.50,NaN,0.2,200,750,-37,66.3415,377.5,NaN,NaN,NaN,NaN
351.497,455,2287,40900,42.2642,-83.7332,43.81,NaN,NaN,NaN,11.50,NaN,0.2,200,750,-36,66.3415,377.5,NaN,NaN,NaN,NaN
351.497,455,2287,41700,42.2642,-83.7332,44.7,NaN,NaN,NaN,11.50,NaN,0.2,200,750,-36,66.3415,377.5,NaN,NaN,NaN,NaN
351.497,455,2287,41900,42.2642,-83.7332,44.7,NaN,NaN,NaN,11.50,NaN,0.2,200,750,-17,66.3415,377.5,NaN,NaN,NaN,NaN
351.497,455,2287,42700,42.2642,-83.7332,44.93,NaN,NaN,NaN,11.50,NaN,0.2,200,750,-17,66.3415,377.5,NaN,NaN,NaN,NaN
351.497,455,2287,42900,42.2644,-83.7335,44.93,NaN,NaN,NaN,11.50,NaN,0.2,200,750,-17,66.3415,377.5,NaN,NaN,NaN,NaN
351.497,455,2287,43000,42.2644,-83.7335,44.93,NaN,NaN,NaN,11.50,NaN,0.2,200,750,-19,66.3415,377.5,NaN,NaN,NaN,NaN
351.497,455,2287,43800,42.2644,-83.7335,46.25,NaN,NaN,NaN,11.50,NaN,0.2,200,750,-19,66.3415,377.5,NaN,NaN,NaN,NaN
351.497,455,2287,44000,42.2644,-83.7335,46.25,NaN,NaN,NaN,11.50,NaN,0.2,200,750,-31,66.3415,377.5,NaN,NaN,NaN,NaN
351.497,455,2287,44800,42.2644,-83.7335,46.25,NaN,NaN,NaN,11.50,NaN,0.2,200,750,-31,66.3415,378,NaN,NaN,NaN,NaN
351.497,455,2287,44900,42.2644,-83.7335,46.82,NaN,NaN,NaN,11.50,NaN,0.2,200,750,-31,66.3415,378,NaN,NaN,NaN,NaN
351.497,455,2287,45100,42.2644,-83.7335,46.82,NaN,NaN,NaN,11.50,NaN,0.2,200,750,-23,66.3415,378,NaN,NaN,NaN,NaN
351.497,455,2287,45900,42.2646,-83.7338,46.82,NaN,NaN,NaN,11.50,NaN,0.2,200,750,-23,66.3415,378,NaN,NaN,NaN,NaN
351.497,455,2287,46000,42.2646,-83.7338,47.64,NaN,NaN,NaN,11.50,NaN,0.2,200,750,-23,66.3415,378,NaN,NaN,NaN,NaN
351.497,455,2287,46200,42.2646,-83.7338,47.64,NaN,NaN,NaN,11.50,NaN,0.2,200,750,-24.5,66.3415,378,NaN,NaN,NaN,NaN
351.497,455,2287,47000,42.2646,-83.7338,47.13,NaN,NaN,NaN,11.50,NaN,0.2,200,750,-24.5,66.3415,378,NaN,NaN,NaN,NaN
351.497,455,2287,47200,42.2646,-83.7338,47.13,NaN,NaN,NaN,11.50,NaN,0.2,200,750,6,66.3415,378,NaN,NaN,NaN,NaN
351.497,455,2287,48000,42.2646,-83.7338,46.8,NaN,NaN,NaN,11.50,NaN,0.2,200,750,6,66.3415,378,NaN,NaN,NaN,NaN
351.497,455,2287,48300,42.2646,-83.7338,46.8,NaN,NaN,NaN,11.50,NaN,0.2,200,750,-21.5,66.3415,378,NaN,NaN,NaN,NaN
351.497,455,2287,48900,42.2649,-83.734,46.8,NaN,NaN,NaN,11.50,NaN,0.2,200,750,-21.5,66.3415,378,NaN,NaN,NaN,NaN
351.497,455,2287,49100,42.2649,-83.734,47.38,NaN,NaN,NaN,11.50,NaN,0.2,200,750,-21.5,66.3415,378,NaN,NaN,NaN,NaN
351.497,455,2287,49300,42.2649,-83.734,47.38,NaN,NaN,NaN,11.50,NaN,0.2,200,750,-22.5,66.3415,378,NaN,NaN,NaN,NaN
351.497,455,2287,50100,42.2649,-83.734,48.23,NaN,NaN,NaN,11.50,NaN,0.2,200,750,-22.5,66.3415,378,NaN,NaN,NaN,NaN
351.497,455,2287,50400,42.2649,-83.734,48.23,NaN,NaN,NaN,11.50,NaN,0.2,200,750,-26.5,66.3415,378,NaN,NaN,NaN,NaN
351.497,455,2287,51200,42.2649,-83.734,49.24,NaN,NaN,NaN,11.50,NaN,0.2,200,750,-26.5,66.3415,378,NaN,NaN,NaN,NaN
351.497,455,2287,51400,42.2649,-83.734,49.24,NaN,NaN,NaN,11.50,NaN,0.2,200,750,-29.5,66.3415,378,NaN,NaN,NaN,NaN
351.497,455,2287,52000,42.2652,-83.7342,49.24,NaN,NaN,NaN,11.50,NaN,0.2,200,750,-29.5,66.3415,378,NaN,NaN,NaN,NaN
351.497,455,2287,52200,42.2652,-83.7342,49.88,NaN,NaN,NaN,11.50,NaN,0.2,200,750,-29.5,66.3415,378,NaN,NaN,NaN,NaN
351.497,455,2287,52400,42.2652,-83.7342,49.88,NaN,NaN,NaN,11.50,NaN,0.2,200,750,-31,66.3415,378,NaN,NaN,NaN,NaN
351.497,455,2287,53200,42.2652,-83.7342,50.59,NaN,NaN,NaN,11.50,NaN,0.2,200,750,-31,66.3415,378,NaN,NaN,NaN,NaN
351.497,455,2287,53500,42.2652,-83.7342,50.59,NaN,NaN,NaN,11.50,NaN,0.2,200,750,-36,66.3415,378,NaN,NaN,NaN,NaN
351.497,455,2287,54300,42.2652,-83.7342,50.99,NaN,NaN,NaN,11.50,NaN,0.2,200,750,-36,66.3415,378,NaN,NaN,NaN,NaN
351.497,455,2287,54500,42.2652,-83.7342,50.99,NaN,NaN,NaN,11.50,NaN,0.2,200,750,-22,66.3415,378,NaN,NaN,NaN,NaN
351.497,455,2287,55000,42.2654,-83.7345,50.99,NaN,NaN,NaN,11.50,NaN,0.2,200,750,-22,66.3415,378,NaN,NaN,NaN,NaN
351.497,455,2287,55300,42.2654,-83.7345,51.43,NaN,NaN,NaN,11.50,NaN,0.2,200,750,-22,66.3415,378,NaN,NaN,NaN,NaN
351.497,455,2287,55600,42.2654,-83.7345,51.43,NaN,NaN,NaN,11.50,NaN,0.2,200,750,-25.5,66.3415,378,NaN,NaN,NaN,NaN
351.497,455,2287,56400,42.2654,-83.7345,51.46,NaN,NaN,NaN,11.50,NaN,0.2,200,750,-25.5,66.3415,378,NaN,NaN,NaN,NaN
351.497,455,2287,56600,42.2654,-83.7345,51.46,NaN,NaN,NaN,11.50,NaN,0.2,200,750,-8,66.3415,378,NaN,NaN,NaN,NaN
351.497,455,2287,57400,42.2654,-83.7345,51.02,NaN,NaN,NaN,11.50,NaN,0.2,200,750,-8,66.3415,378,NaN,NaN,NaN,NaN
351.497,455,2287,57600,42.2654,-83.7345,51.02,NaN,NaN,NaN,11.50,NaN,0.2,200,750,-2.5,66.3415,378,NaN,NaN,NaN,NaN
351.497,455,2287,57900,42.2657,-83.7348,51.02,NaN,NaN,NaN,11.50,NaN,0.2,200,750,-2.5,66.3415,378,NaN,NaN,NaN,NaN
351.497,455,2287,58400,42.2657,-83.7348,51.4,NaN,NaN,NaN,11.50,NaN,0.2,200,750,-2.5,66.3415,378,NaN,NaN,NaN,NaN
351.497,455,2287,58700,42.2657,-83.7348,51.4,NaN,NaN,NaN,11.50,NaN,0.2,200,750,-31,66.3415,378,NaN,NaN,NaN,NaN
351.497,455,2287,59500,42.2657,-83.7348,52.15,NaN,NaN,NaN,11.50,NaN,0.2,200,750,-31,66.3415,378,NaN,NaN,NaN,NaN
351.497,455,2287,59700,42.2657,-83.7348,52.15,NaN,NaN,NaN,11.50,NaN,0.2,200,750,-31.5,66.3415,378,NaN,NaN,NaN,NaN
351.497,455,2287,59900,42.2657,-83.7348,52.15,NaN,NaN,NaN,11.50,NaN,0.2,200,750,-31.5,66.3415,377,NaN,NaN,NaN,NaN
351.497,455,2287,60500,42.2657,-83.7348,52.97,NaN,NaN,NaN,11.50,NaN,0.2,200,750,-31.5,66.3415,377,NaN,NaN,NaN,NaN
351.497,455,2287,60800,42.2657,-83.7348,52.97,NaN,NaN,NaN,11.50,NaN,0.2,200,750,-32,66.3415,377,NaN,NaN,NaN,NaN
351.497,455,2287,60900,42.266,-83.7351,52.97,NaN,NaN,NaN,11.50,NaN,0.2,200,750,-32,66.3415,377,NaN,NaN,NaN,NaN
351.497,455,2287,61600,42.266,-83.7351,53.47,NaN,NaN,NaN,11.50,NaN,0.2,200,750,-32,66.3415,377,NaN,NaN,NaN,NaN
351.497,455,2287,61800,42.266,-83.7351,53.47,NaN,NaN,NaN,11.50,NaN,0.2,200,750,-1,66.3415,377,NaN,NaN,NaN,NaN
351.497,455,2287,62600,42.266,-83.7351,52.97,NaN,NaN,NaN,11.50,NaN,0.2,200,750,-1,66.3415,377,NaN,NaN,NaN,NaN
351.497,455,2287,62800,42.266,-83.7351,52.97,NaN,NaN,NaN,11.50,NaN,0.2,200,750,-13.5,66.3415,377,NaN,NaN,NaN,NaN
351.497,455,2287,63600,42.266,-83.7351,52.64,NaN,NaN,NaN,11.50,NaN,0.2,200,750,-13.5,66.3415,377,NaN,NaN,NaN,NaN
351.497,455,2287,63900,42.266,-83.7351,52.64,NaN,NaN,NaN,11.50,NaN,0.2,200,750,16.5,66.3415,377,NaN,NaN,NaN,NaN
351.497,455,2287,64000,42.2663,-83.7354,52.64,NaN,NaN,NaN,11.50,NaN,0.2,200,750,16.5,66.3415,377,NaN,NaN,NaN,NaN
351.497,455,2287,64700,42.2663,-83.7354,51.17,NaN,NaN,NaN,11.50,NaN,0.2,200,750,16.5,66.3415,377,NaN,NaN,NaN,NaN
351.497,455,2287,64900,42.2663,-83.7354,51.17,NaN,NaN,NaN,11.50,NaN,0.2,200,750,-14,66.3415,378.5,NaN,NaN,NaN,NaN
351.497,455,2287,65700,42.2663,-83.7354,51.37,NaN,NaN,NaN,11.50,NaN,0.2,200,750,-14,66.3415,378.5,NaN,NaN,NaN,NaN
351.497,455,2287,66000,42.2663,-83.7354,51.37,NaN,NaN,NaN,11.50,NaN,0.2,200,750,-29,66.3415,378.5,NaN,NaN,NaN,NaN
351.497,455,2287,66800,42.2663,-83.7354,49.21,NaN,NaN,NaN,11.50,NaN,0.2,200,750,-29,66.3415,378.5,NaN,NaN,NaN,NaN
351.497,455,2287,67000,42.2666,-83.7357,49.21,NaN,NaN,NaN,11.50,NaN,0.2,200,750,23.5,66.3415,378.5,NaN,NaN,NaN,NaN
351.497,455,2287,67800,42.2666,-83.7357,46.71,NaN,NaN,NaN,11.50,NaN,0.2,200,750,23.5,66.3415,378.5,NaN,NaN,NaN,NaN
351.497,455,2287,68000,42.2666,-83.7357,46.71,NaN,NaN,NaN,11.50,NaN,0.2,200,750,22.5,66.3415,378.5,NaN,NaN,NaN,NaN
351.497,455,2287,68800,42.2666,-83.7357,45.21,NaN,NaN,NaN,11.50,NaN,0.2,200,750,22.5,66.3415,378.5,NaN,NaN,NaN,NaN
351.497,455,2287,69100,42.2666,-83.7357,45.21,NaN,NaN,NaN,11.50,NaN,0.2,200,750,22,66.3415,378.5,NaN,NaN,NaN,NaN
351.497,455,2287,69600,42.2666,-83.7357,45.21,NaN,NaN,NaN,11.50,NaN,0.2,200,750,22,66.3415,378.5,NaN,NaN,NaN,NaN
351.497,455,2287,69900,42.2669,-83.736,45.49,NaN,NaN,NaN,11.50,NaN,0.2,200,750,22,66.3415,378.5,NaN,NaN,NaN,NaN
351.497,455,2287,70000,42.2669,-83.736,45.49,NaN,NaN,NaN,11.50,NaN,0.2,200,750,22,66.3415,382.5,NaN,NaN,NaN,NaN
351.497,455,2287,70100,42.2669,-83.736,45.49,NaN,NaN,NaN,11.50,NaN,0.2,200,750,-19,66.3415,382.5,NaN,NaN,NaN,NaN
351.497,455,2287,70900,42.2669,-83.736,44.25,NaN,NaN,NaN,11.50,NaN,0.2,200,750,-19,66.3415,382.5,NaN,NaN,NaN,NaN
351.497,455,2287,71200,42.2669,-83.736,44.25,NaN,NaN,NaN,11.50,NaN,0.2,200,750,14,66.3415,382.5,NaN,NaN,NaN,NaN
351.497,455,2287,72000,42.2669,-83.736,44.34,NaN,NaN,NaN,11.50,NaN,0.2,200,750,14,66.3415,382.5,NaN,NaN,NaN,NaN
351.497,455,2287,72200,42.2669,-83.736,44.34,NaN,NaN,NaN,11.50,NaN,0.2,200,750,-16.5,66.3415,382.5,NaN,NaN,NaN,NaN
351.497,455,2287,72900,42.2672,-83.7363,44.34,NaN,NaN,NaN,11.50,NaN,0.2,200,750,-16.5,66.3415,382.5,NaN,NaN,NaN,NaN
351.497,455,2287,73000,42.2672,-83.7363,43.95,NaN,NaN,NaN,11.50,NaN,0.2,200,750,-16.5,66.3415,382.5,NaN,NaN,NaN,NaN
351.497,455,2287,73200,42.2672,-83.7363,43.95,NaN,NaN,NaN,11.50,NaN,0.2,200,750,0,66.3415,382.5,NaN,NaN,NaN,NaN
351.497,455,2287,74000,42.2672,-83.7363,44.05,NaN,NaN,NaN,11.50,NaN,0.2,200,750,0,66.3415,382.5,NaN,NaN,NaN,NaN
351.497,455,2287,74300,42.2672,-83.7363,44.05,NaN,NaN,NaN,11.50,NaN,0.2,200,750,-13.5,66.3415,382.5,NaN,NaN,NaN,NaN
351.497,455,2287,75000,42.2672,-83.7363,44.05,NaN,NaN,NaN,11.50,NaN,0.2,200,750,-13.5,66.3415,379.5,NaN,NaN,NaN,NaN
351.497,455,2287,75100,42.2672,-83.7363,45.01,NaN,NaN,NaN,11.50,NaN,0.2,200,750,-13.5,66.3415,379.5,NaN,NaN,NaN,NaN
351.497,455,2287,75300,42.2672,-83.7363,45.01,NaN,NaN,NaN,11.50,NaN,0.2,200,750,-27.5,66.3415,379.5,NaN,NaN,NaN,NaN
351.497,455,2287,75900,42.2674,-83.7366,45.01,NaN,NaN,NaN,11.50,NaN,0.2,200,750,-27.5,66.3415,379.5,NaN,NaN,NaN,NaN
351.497,455,2287,76100,42.2674,-83.7366,45.95,NaN,NaN,NaN,11.50,NaN,0.2,200,750,-27.5,66.3415,379.5,NaN,NaN,NaN,NaN
351.497,455,2287,76400,42.2674,-83.7366,45.95,NaN,NaN,NaN,11.50,NaN,0.2,200,750,-30.5,66.3415,379.5,NaN,NaN,NaN,NaN
351.497,455,2287,77200,42.2674,-83.7366,46.42,NaN,NaN,NaN,11.50,NaN,0.2,200,750,-30.5,66.3415,379.5,NaN,NaN,NaN,NaN
351.497,455,2287,77400,42.2674,-83.7366,46.42,NaN,NaN,NaN,11.50,NaN,0.2,200,750,-24.5,66.3415,379.5,NaN,NaN,NaN,NaN
351.497,455,2287,78200,42.2674,-83.7366,47.41,NaN,NaN,NaN,11.50,NaN,0.2,200,750,-24.5,66.3415,379.5,NaN,NaN,NaN,NaN
351.497,455,2287,78500,42.2674,-83.7366,47.41,NaN,NaN,NaN,11.50,NaN,0.2,200,750,-28.5,66.3415,379.5,NaN,NaN,NaN,NaN
351.497,455,2287,79000,42.2677,-83.7369,47.41,NaN,NaN,NaN,11.50,NaN,0.2,200,750,-28.5,66.3415,379.5,NaN,NaN,NaN,NaN
351.497,455,2287,79300,42.2677,-83.7369,48.14,NaN,NaN,NaN,11.50,NaN,0.2,200,750,-28.5,66.3415,379.5,NaN,NaN,NaN,NaN
351.497,455,2287,79600,42.2677,-83.7369,48.14,NaN,NaN,NaN,11.50,NaN,0.2,200,750,-27,66.3415,379.5,NaN,NaN,NaN,NaN
351.497,455,2287,80000,42.2677,-83.7369,48.14,NaN,NaN,NaN,11.50,NaN,0.2,200,750,-27,66.3415,377.5,NaN,NaN,NaN,NaN
351.497,455,2287,80400,42.2677,-83.7369,49.48,NaN,NaN,NaN,11.50,NaN,0.2,200,750,-27,66.3415,377.5,NaN,NaN,NaN,NaN
351.497,455,2287,80600,42.2677,-83.7369,49.48,NaN,NaN,NaN,11.50,NaN,0.2,200,750,-30,66.3415,377.5,NaN,NaN,NaN,NaN
351.497,455,2287,81500,42.2677,-83.7369,50.67,NaN,NaN,NaN,11.50,NaN,0.2,200,750,-30,66.3415,377.5,NaN,NaN,NaN,NaN
351.497,455,2287,81700,42.2677,-83.7369,50.67,NaN,NaN,NaN,11.50,NaN,0.2,200,750,-29.5,66.3415,377.5,NaN,NaN,NaN,NaN
351.497,455,2287,82000,42.268,-83.7372,50.67,NaN,NaN,NaN,11.50,NaN,0.2,200,750,-29.5,66.3415,377.5,NaN,NaN,NaN,NaN
351.497,455,2287,82500,42.268,-83.7372,50.93,NaN,NaN,NaN,11.50,NaN,0.2,200,750,-29.5,66.3415,377.5,NaN,NaN,NaN,NaN
351.497,455,2287,82700,42.268,-83.7372,50.93,NaN,NaN,NaN,11.50,NaN,0.2,200,750,-22.5,66.3415,377.5,NaN,NaN,NaN,NaN
351.497,455,2287,83500,42.268,-83.7372,50.53,NaN,NaN,NaN,11.50,NaN,0.2,200,750,-22.5,66.3415,377.5,NaN,NaN,NaN,NaN
351.497,455,2287,83800,42.268,-83.7372,50.53,NaN,NaN,NaN,11.50,NaN,0.2,200,750,22.5,66.3415,377.5,NaN,NaN,NaN,NaN
351.497,455,2287,84600,42.268,-83.7372,48.37,NaN,NaN,NaN,11.50,NaN,0.2,200,750,22.5,66.3415,377.5,NaN,NaN,NaN,NaN
351.497,455,2287,84900,42.2683,-83.7375,48.37,NaN,NaN,NaN,11.50,NaN,0.2,200,750,22.5,66.3415,377.5,NaN,NaN,NaN,NaN
351.497,455,2287,85000,42.2683,-83.7375,48.37,NaN,NaN,NaN,11.50,NaN,0.2,200,750,22.5,66.3415,382.5,NaN,NaN,NaN,NaN
351.497,455,2287,85600,42.2683,-83.7375,45.95,NaN,NaN,NaN,11.50,NaN,0.2,200,750,22.5,66.3415,382.5,NaN,NaN,NaN,NaN
351.497,455,2287,85800,42.2683,-83.7375,45.95,NaN,NaN,NaN,11.50,NaN,0.2,200,750,21.5,66.3415,382.5,NaN,NaN,NaN,NaN
351.497,455,2287,86600,42.2683,-83.7375,43.84,NaN,NaN,NaN,11.50,NaN,0.2,200,750,21.5,66.3415,382.5,NaN,NaN,NaN,NaN
351.497,455,2287,86900,42.2683,-83.7375,43.84,NaN,NaN,NaN,11.50,NaN,0.2,200,750,-5,66.3415,382.5,NaN,NaN,NaN,NaN
351.497,455,2287,87700,42.2683,-83.7375,43.24,NaN,NaN,NaN,11.50,NaN,0.2,200,750,-5,66.3415,382.5,NaN,NaN,NaN,NaN
351.497,455,2287,87900,42.2683,-83.7375,43.24,NaN,NaN,NaN,11.50,NaN,0.2,200,750,-23,66.3415,382.5,NaN,NaN,NaN,NaN
351.497,455,2287,88000,42.2685,-83.7377,43.24,NaN,NaN,NaN,11.50,NaN,0.2,200,750,-23,66.3415,382.5,NaN,NaN,NaN,NaN
351.497,455,2287,88700,42.2685,-83.7377,44.31,NaN,NaN,NaN,11.50,NaN,0.2,200,750,-23,66.3415,382.5,NaN,NaN,NaN,NaN
351.497,455,2287,89000,42.2685,-83.7377,44.31,NaN,NaN,NaN,11.50,NaN,0.2,200,750,-26.5,66.3415,382.5,NaN,NaN,NaN,NaN
351.497,455,2287,89800,42.2685,-83.7377,42.58,NaN,NaN,NaN,11.50,NaN,0.2,200,750,-26.5,66.3415,382.5,NaN,NaN,NaN,NaN
351.497,455,2287,90000,42.2685,-83.7377,42.58,NaN,NaN,NaN,11.50,NaN,0.2,200,750,12,66.3415,382.5,NaN,NaN,NaN,NaN
351.497,455,2287,90100,42.2685,-83.7377,42.58,NaN,NaN,NaN,11.50,NaN,0.2,200,750,12,66.3415,381.5,NaN,NaN,NaN,NaN
351.497,455,2287,90800,42.2685,-83.7377,41.79,NaN,NaN,NaN,11.50,NaN,0.2,200,750,12,66.3415,381.5,NaN,NaN,NaN,NaN
351.497,455,2287,90900,42.2688,-83.738,41.79,NaN,NaN,NaN,11.50,NaN,0.2,200,750,12,66.3415,381.5,NaN,NaN,NaN,NaN
351.497,455,2287,91000,42.2688,-83.738,41.79,NaN,NaN,NaN,11.50,NaN,0.2,200,750,-1.5,66.3415,381.5,NaN,NaN,NaN,NaN
351.497,455,2287,91800,42.2688,-83.738,42.1,NaN,NaN,NaN,11.50,NaN,0.2,200,750,-1.5,66.3415,381.5,NaN,NaN,NaN,NaN
351.497,455,2287,92100,42.2688,-83.738,42.1,NaN,NaN,NaN,11.50,NaN,0.2,200,750,-16.5,66.3415,381.5,NaN,NaN,NaN,NaN
351.497,455,2287,92900,42.2688,-83.738,42.06,NaN,NaN,NaN,11.50,NaN,0.2,200,750,-16.5,66.3415,381.5,NaN,NaN,NaN,NaN
351.497,455,2287,93100,42.2688,-83.738,42.06,NaN,NaN,NaN,11.50,NaN,0.2,200,750,-11.5,66.3415,381.5,NaN,NaN,NaN,NaN
351.497,455,2287,93900,42.269,-83.7383,41.71,NaN,NaN,NaN,11.50,NaN,0.2,200,750,-11.5,66.3415,381.5,NaN,NaN,NaN,NaN
351.497,455,2287,94200,42.269,-83.7383,41.71,NaN,NaN,NaN,11.50,NaN,0.2,200,750,-8.5,66.3415,381.5,NaN,NaN,NaN,NaN
351.497,455,2287,95000,42.269,-83.7383,41.06,NaN,NaN,NaN,11.50,NaN,0.2,200,750,-8.5,66.3415,381.5,NaN,NaN,NaN,NaN
351.497,455,2287,95100,42.269,-83.7383,41.06,NaN,NaN,NaN,11.50,NaN,0.2,200,750,-8.5,66.3415,380,NaN,NaN,NaN,NaN
351.497,455,2287,95200,42.269,-83.7383,41.06,NaN,NaN,NaN,11.50,NaN,0.2,200,750,2.5,66.3415,380,NaN,NaN,NaN,NaN
351.497,455,2287,96000,42.269,-83.7383,39.06,NaN,NaN,NaN,11.50,NaN,0.2,200,750,2.5,66.3415,380,NaN,NaN,NaN,NaN
351.497,455,2287,96200,42.269,-83.7383,39.06,NaN,NaN,NaN,11.50,NaN,0.2,200,750,18.5,66.3415,380,NaN,NaN,NaN,NaN
351.497,455,2287,97000,42.269,-83.7383,37.11,NaN,NaN,NaN,11.50,NaN,0.2,200,750,18.5,66.3415,380,NaN,NaN,NaN,NaN
351.497,455,2287,97300,42.269,-83.7383,37.11,NaN,NaN,NaN,11.50,NaN,0.2,200,750,16,66.3415,380,NaN,NaN,NaN,NaN
351.497,455,2287,97900,42.2693,-83.7387,37.11,NaN,NaN,NaN,11.50,NaN,0.2,200,750,16,66.3415,380,NaN,NaN,NaN,NaN
351.497,455,2287,98100,42.2693,-83.7387,35.15,NaN,NaN,NaN,11.50,NaN,0.2,200,750,16,66.3415,380,NaN,NaN,NaN,NaN
351.497,455,2287,98300,42.2693,-83.7387,35.15,NaN,NaN,NaN,11.50,NaN,0.2,200,750,14,66.3415,380,NaN,NaN,NaN,NaN
351.497,455,2287,99100,42.2693,-83.7387,33.37,NaN,NaN,NaN,11.50,NaN,0.2,200,750,14,66.3415,380,NaN,NaN,NaN,NaN
351.497,455,2287,99200,42.2693,-83.7387,33.37,NaN,NaN,NaN,11.50,NaN,0.2,200,750,14,66.0976,380,NaN,NaN,NaN,NaN
351.497,455,2287,99400,42.2693,-83.7387,33.37,NaN,NaN,NaN,11.50,NaN,0.2,200,750,13.5,66.0976,380,NaN,NaN,NaN,NaN
351.497,455,2287,99600,42.2693,-83.7387,33.37,NaN,NaN,NaN,11.00,NaN,0.2,200,750,13.5,66.0976,380,NaN,NaN,NaN,NaN
351.497,455,2287,100200,42.2693,-83.7387,31.6,NaN,NaN,NaN,11.00,NaN,0.2,200,750,13.5,66.0976,382.5,NaN,NaN,NaN,NaN
351.497,455,2287,100400,42.2693,-83.7387,31.6,NaN,NaN,NaN,11.00,NaN,0.2,200,750,7.5,66.0976,382.5,NaN,NaN,NaN,NaN
351.497,455,2287,101000,42.2694,-83.7389,31.6,NaN,NaN,NaN,11.00,NaN,0.2,200,750,7.5,66.0976,382.5,NaN,NaN,NaN,NaN
351.497,455,2287,101200,42.2694,-83.7389,32,NaN,NaN,NaN,11.00,NaN,0.2,200,750,7.5,66.0976,382.5,NaN,NaN,NaN,NaN
351.497,455,2287,101400,42.2694,-83.7389,32,NaN,NaN,NaN,11.00,NaN,0.2,200,750,-12.5,66.0976,382.5,NaN,NaN,NaN,NaN
351.497,455,2287,102200,42.2694,-83.7389,33.09,NaN,NaN,NaN,11.00,NaN,0.2,200,750,-12.5,66.0976,382.5,NaN,NaN,NaN,NaN
351.497,455,2287,102500,42.2694,-83.7389,33.09,NaN,NaN,NaN,11.00,NaN,0.2,200,750,-24,66.0976,382.5,NaN,NaN,NaN,NaN
351.497,455,2287,103300,42.2694,-83.7389,31.57,NaN,NaN,NaN,11.00,NaN,0.2,200,750,-24,66.0976,382.5,NaN,NaN,NaN,NaN
351.497,455,2287,103500,42.2694,-83.7389,31.57,NaN,NaN,NaN,11.00,NaN,0.2,200,750,13,66.0976,382.5,NaN,NaN,NaN,NaN
351.497,455,2287,104000,42.2696,-83.7391,31.57,NaN,NaN,NaN,11.00,NaN,0.2,200,750,13,66.0976,382.5,NaN,NaN,NaN,NaN
351.497,455,2287,104300,42.2696,-83.7391,29.6,NaN,NaN,NaN,11.00,NaN,0.2,200,750,13,66.0976,382.5,NaN,NaN,NaN,NaN
351.497,455,2287,104600,42.2696,-83.7391,29.6,NaN,NaN,NaN,11.00,NaN,0.2,200,750,12.5,66.0976,382.5,NaN,NaN,NaN,NaN
351.497,455,2287,105200,42.2696,-83.7391,29.6,NaN,NaN,NaN,11.00,NaN,0.2,200,750,12.5,66.0976,382,NaN,NaN,NaN,NaN
351.497,455,2287,105400,42.2696,-83.7391,27.64,NaN,NaN,NaN,11.00,NaN,0.2,200,750,12.5,66.0976,382,NaN,NaN,NaN,NaN
351.497,455,2287,105600,42.2696,-83.7391,27.64,NaN,NaN,NaN,11.00,NaN,0.2,200,750,10,66.0976,382,NaN,NaN,NaN,NaN
351.497,455,2287,106400,42.2696,-83.7391,26.34,NaN,NaN,NaN,11.00,NaN,0.2,200,750,10,66.0976,382,NaN,NaN,NaN,NaN
351.497,455,2287,106900,42.2698,-83.7392,26.34,NaN,NaN,NaN,11.00,NaN,0.2,200,750,10,66.0976,382,NaN,NaN,NaN,NaN
351.497,455,2287,107400,42.2698,-83.7392,26.24,NaN,NaN,NaN,11.00,NaN,0.2,200,750,10,66.0976,382,NaN,NaN,NaN,NaN
351.497,455,2287,107700,42.2698,-83.7392,26.24,NaN,NaN,NaN,11.00,NaN,0.2,200,750,-7.5,66.0976,382,NaN,NaN,NaN,NaN
351.497,455,2287,108500,42.2698,-83.7392,26.47,NaN,NaN,NaN,11.00,NaN,0.2,200,750,-7.5,66.0976,382,NaN,NaN,NaN,NaN
351.497,455,2287,108700,42.2698,-83.7392,26.47,NaN,NaN,NaN,11.00,NaN,0.2,200,750,4,66.0976,382,NaN,NaN,NaN,NaN
351.497,455,2287,109500,42.2698,-83.7392,24.79,NaN,NaN,NaN,11.00,NaN,0.2,200,750,4,66.0976,382,NaN,NaN,NaN,NaN
351.497,455,2287,109800,42.2698,-83.7392,24.79,NaN,NaN,NaN,11.00,NaN,0.2,200,750,7,66.0976,382,NaN,NaN,NaN,NaN
351.497,455,2287,109900,42.2699,-83.7394,24.79,NaN,NaN,NaN,11.00,NaN,0.2,200,750,7,66.0976,382,NaN,NaN,NaN,NaN
351.497,455,2287,110600,42.2699,-83.7394,23.85,NaN,NaN,NaN,11.00,NaN,0.2,200,750,7,66.0976,382,NaN,NaN,NaN,NaN
351.497,455,2287,110800,42.2699,-83.7394,23.85,NaN,NaN,NaN,11.00,NaN,0.2,200,750,8.5,66.0976,382,NaN,NaN,NaN,NaN
351.497,455,2287,111600,42.2699,-83.7394,22.03,NaN,NaN,NaN,11.00,NaN,0.2,200,750,8.5,66.0976,382,NaN,NaN,NaN,NaN
351.497,455,2287,111800,42.2699,-83.7394,22.03,NaN,NaN,NaN,11.00,NaN,0.2,200,750,8,66.0976,382,NaN,NaN,NaN,NaN
351.497,455,2287,112700,42.2699,-83.7394,20.75,NaN,NaN,NaN,11.00,NaN,0.2,200,750,8,66.0976,382,NaN,NaN,NaN,NaN
351.497,455,2287,112900,42.27,-83.7395,20.75,NaN,NaN,NaN,11.00,NaN,0.2,200,750,-1,66.0976,382,NaN,NaN,NaN,NaN
351.497,455,2287,113800,42.27,-83.7395,19.42,NaN,NaN,NaN,11.00,NaN,0.2,200,750,-1,66.0976,382,NaN,NaN,NaN,NaN
351.497,455,2287,114000,42.27,-83.7395,19.42,NaN,NaN,NaN,11.00,NaN,0.2,200,750,-4,66.0976,382,NaN,NaN,NaN,NaN
351.497,455,2287,114800,42.27,-83.7395,18.32,NaN,NaN,NaN,11.00,NaN,0.2,200,750,-4,66.0976,382,NaN,NaN,NaN,NaN
351.497,455,2287,115100,42.27,-83.7395,18.32,NaN,NaN,NaN,11.00,NaN,0.2,200,750,-1,66.0976,382,NaN,NaN,NaN,NaN
351.497,455,2287,115300,42.27,-83.7395,18.32,NaN,NaN,NaN,11.00,NaN,0.2,200,750,-1,66.0976,381,NaN,NaN,NaN,NaN
351.497,455,2287,115900,42.2701,-83.7396,16.42,NaN,NaN,NaN,11.00,NaN,0.2,200,750,-1,66.0976,381,NaN,NaN,NaN,NaN
351.497,455,2287,116200,42.2701,-83.7396,16.42,NaN,NaN,NaN,11.00,NaN,0.2,200,750,5.5,66.0976,381,NaN,NaN,NaN,NaN
351.497,455,2287,117000,42.2701,-83.7396,14.73,NaN,NaN,NaN,11.00,NaN,0.2,200,750,5.5,66.0976,381,NaN,NaN,NaN,NaN
351.497,455,2287,117200,42.2701,-83.7396,14.73,NaN,NaN,NaN,11.00,NaN,0.2,200,750,3.5,66.0976,381,NaN,NaN,NaN,NaN
351.497,455,2287,118000,42.2701,-83.7396,12.49,NaN,NaN,NaN,11.00,NaN,0.2,200,750,3.5,66.0976,381,NaN,NaN,NaN,NaN
351.497,455,2287,118300,42.2701,-83.7396,12.49,NaN,NaN,NaN,11.00,NaN,0.2,200,750,1.5,66.0976,381,NaN,NaN,NaN,NaN
351.497,455,2287,118900,42.2702,-83.7397,12.49,NaN,NaN,NaN,11.00,NaN,0.2,200,750,1.5,66.0976,381,NaN,NaN,NaN,NaN
351.497,455,2287,119100,42.2702,-83.7397,9.15,NaN,NaN,NaN,11.00,NaN,0.2,200,750,1.5,66.0976,381,NaN,NaN,NaN,NaN
351.497,455,2287,119300,42.2702,-83.7397,9.15,NaN,NaN,NaN,11.00,NaN,0.2,200,750,2,66.0976,381,NaN,NaN,NaN,NaN
351.497,455,2287,120100,42.2702,-83.7397,7.71,NaN,NaN,NaN,11.00,NaN,0.2,200,750,2,66.0976,381,NaN,NaN,NaN,NaN
351.497,455,2287,120400,42.2702,-83.7397,7.71,NaN,NaN,NaN,11.00,NaN,0.2,200,750,-2.5,66.0976,381,NaN,NaN,NaN,NaN
351.497,455,2287,121200,42.2702,-83.7397,4.68,NaN,NaN,NaN,11.00,NaN,0.2,200,750,-2.5,66.0976,381,NaN,NaN,NaN,NaN
351.497,455,2287,121400,42.2702,-83.7397,4.68,NaN,NaN,NaN,11.00,NaN,0.2,200,750,-3.5,66.0976,381,NaN,NaN,NaN,NaN
351.497,455,2287,122200,42.2702,-83.7397,0,NaN,NaN,NaN,11.00,NaN,0.2,200,750,-3.5,66.0976,381,NaN,NaN,NaN,NaN
351.497,455,2287,122400,42.2702,-83.7397,0,NaN,NaN,NaN,11.00,NaN,0.2,200,750,-5,66.0976,381,NaN,NaN,NaN,NaN
351.497,455,2287,122800,42.2702,-83.7397,0,NaN,NaN,NaN,11.00,NaN,0.0,0,750,-5,66.0976,381,NaN,NaN,NaN,NaN
351.497,455,2287,124400,42.2702,-83.7397,0,NaN,NaN,NaN,11.00,NaN,0.0,0,750,-3.5,66.0976,381,NaN,NaN,NaN,NaN
351.497,455,2287,125500,42.2702,-83.7397,0,NaN,NaN,NaN,11.00,NaN,0.0,0,750,-4,66.0976,381,NaN,NaN,NaN,NaN
351.497,455,2287,127600,42.2702,-83.7397,0,NaN,NaN,NaN,11.00,NaN,0.0,0,750,-4.5,66.0976,381,NaN,NaN,NaN,NaN
351.497,455,2287,128600,42.2702,-83.7397,0,NaN,NaN,NaN,11.00,NaN,0.0,0,750,-5.5,66.0976,381,NaN,NaN,NaN,NaN
351.497,455,2287,129600,42.2702,-83.7397,0,NaN,NaN,NaN,11.00,NaN,0.0,0,750,-7,66.0976,381,NaN,NaN,NaN,NaN
351.497,455,2287,130700,42.2702,-83.7397,0,NaN,NaN,NaN,11.00,NaN,0.0,0,750,-7.5,66.0976,381,NaN,NaN,NaN,NaN
351.497,455,2287,130900,42.2702,-83.7398,0,NaN,NaN,NaN,11.00,NaN,0.0,0,750,-7.5,66.0976,381,NaN,NaN,NaN,NaN
351.497,455,2287,131300,42.2702,-83.7398,3.49,NaN,NaN,NaN,11.00,NaN,0.0,0,750,-7.5,66.0976,381,NaN,NaN,NaN,NaN
351.497,455,2287,131400,42.2702,-83.7398,3.49,NaN,NaN,NaN,11.00,NaN,0.0,0,750,-6,66.0976,381,NaN,NaN,NaN,NaN
351.497,455,2287,131800,42.2702,-83.7398,3.49,NaN,NaN,NaN,11.00,NaN,0.2,200,750,-6,66.0976,381,NaN,NaN,NaN,NaN
351.497,455,2287,132300,42.2702,-83.7398,4.02,NaN,NaN,NaN,11.00,NaN,0.2,200,750,-6,66.0976,381,NaN,NaN,NaN,NaN
351.497,455,2287,133300,42.2702,-83.7398,4.43,NaN,NaN,NaN,11.00,NaN,0.2,200,750,-6,66.0976,381,NaN,NaN,NaN,NaN
351.497,455,2287,133500,42.2702,-83.7398,4.43,NaN,NaN,NaN,11.00,NaN,0.2,200,750,-7.5,66.0976,381,NaN,NaN,NaN,NaN
351.497,455,2287,134300,42.2702,-83.7398,0,NaN,NaN,NaN,11.00,NaN,0.2,200,750,-7.5,66.0976,381,NaN,NaN,NaN,NaN
351.497,455,2287,134400,42.2702,-83.7398,0,NaN,NaN,NaN,11.00,NaN,0.2,200,750,-7.5,66.0976,380.5,NaN,NaN,NaN,NaN
351.497,455,2287,136500,42.2702,-83.7398,0,NaN,NaN,NaN,11.00,NaN,0.2,200,750,-4.5,66.0976,380.5,NaN,NaN,NaN,NaN
351.497,455,2287,137600,42.2702,-83.7398,0,NaN,NaN,NaN,11.00,NaN,0.2,200,750,-5,66.0976,380.5,NaN,NaN,NaN,NaN
351.497,455,2287,138600,42.2702,-83.7398,0,NaN,NaN,NaN,11.00,NaN,0.2,200,750,-3.5,66.0976,380.5,NaN,NaN,NaN,NaN
351.497,455,2287,139400,42.2702,-83.7398,0,NaN,NaN,NaN,11.00,NaN,0.2,200,750,-3.5,66.0976,381,NaN,NaN,NaN,NaN
351.497,455,2287,139600,42.2702,-83.7398,0,NaN,NaN,NaN,11.00,NaN,0.2,200,750,-4,66.0976,381,NaN,NaN,NaN,NaN
351.497,455,2287,140700,42.2702,-83.7398,0,NaN,NaN,NaN,11.00,NaN,0.2,200,750,-4.5,66.0976,381,NaN,NaN,NaN,NaN
351.497,455,2287,142800,42.2702,-83.7398,0,NaN,NaN,NaN,11.00,NaN,0.2,200,750,-5,66.0976,381,NaN,NaN,NaN,NaN
351.497,455,2287,144800,42.2702,-83.7398,0,NaN,NaN,NaN,11.00,NaN,0.2,200,750,-5.5,66.0976,381,NaN,NaN,NaN,NaN
351.497,455,2287,145900,42.2702,-83.7398,0,NaN,NaN,NaN,11.00,NaN,0.2,200,750,-4.5,66.0976,381,NaN,NaN,NaN,NaN
351.497,455,2287,146900,42.2702,-83.7398,0,NaN,NaN,NaN,11.00,NaN,0.2,200,750,-5,66.0976,381,NaN,NaN,NaN,NaN
351.497,455,2287,148000,42.2702,-83.7398,0,NaN,NaN,NaN,11.00,NaN,0.2,200,750,-3.5,66.0976,381,NaN,NaN,NaN,NaN
351.497,455,2287,149000,42.2702,-83.7398,0,NaN,NaN,NaN,11.00,NaN,0.2,200,750,-5.5,66.0976,381,NaN,NaN,NaN,NaN
351.497,455,2287,150100,42.2702,-83.7398,0,NaN,NaN,NaN,11.00,NaN,0.2,200,750,-6.5,66.0976,381,NaN,NaN,NaN,NaN
351.497,455,2287,151000,42.2703,-83.7399,0,NaN,NaN,NaN,11.00,NaN,0.2,200,750,-6.5,66.0976,381,NaN,NaN,NaN,NaN
351.497,455,2287,151300,42.2703,-83.7399,8.65,NaN,NaN,NaN,11.00,NaN,0.2,200,750,-6.5,66.0976,381,NaN,NaN,NaN,NaN
351.497,455,2287,151400,42.2703,-83.7399,8.65,NaN,NaN,NaN,11.00,NaN,0.2,200,750,-6.5,66.0976,378.5,NaN,NaN,NaN,NaN
351.497,455,2287,151600,42.2703,-83.7399,8.65,NaN,NaN,NaN,11.00,NaN,0.2,200,750,-36.5,66.0976,378.5,NaN,NaN,NaN,NaN
351.497,455,2287,152400,42.2703,-83.7399,14.22,NaN,NaN,NaN,11.00,NaN,0.2,200,750,-36.5,65.9756,378.5,NaN,NaN,NaN,NaN
351.497,455,2287,153400,42.2703,-83.7399,19.74,NaN,NaN,NaN,11.00,NaN,0.2,200,750,-36.5,65.9756,378.5,NaN,NaN,NaN,NaN
351.497,455,2287,153600,42.2703,-83.7399,19.74,NaN,NaN,NaN,11.00,NaN,0.2,200,750,-49,65.9756,378.5,NaN,NaN,NaN,NaN
351.497,455,2287,153900,42.2704,-83.74,19.74,NaN,NaN,NaN,11.00,NaN,0.2,200,750,-49,65.9756,378.5,NaN,NaN,NaN,NaN
351.497,455,2287,154500,42.2704,-83.74,24.19,NaN,NaN,NaN,11.00,NaN,0.2,200,750,-49,65.9756,378.5,NaN,NaN,NaN,NaN
351.497,455,2287,154600,42.2704,-83.74,24.19,NaN,NaN,NaN,11.00,NaN,0.2,200,750,-54,65.9756,378.5,NaN,NaN,NaN,NaN
351.497,455,2287,155500,42.2704,-83.74,27.65,NaN,NaN,NaN,11.00,NaN,0.2,200,750,-54,65.9756,378.5,NaN,NaN,NaN,NaN
351.497,455,2287,155700,42.2704,-83.74,27.65,NaN,NaN,NaN,11.00,NaN,0.2,200,750,-35,65.9756,378.5,NaN,NaN,NaN,NaN
351.497,455,2287,156500,42.2704,-83.74,27.65,NaN,NaN,NaN,11.00,NaN,0.2,200,750,-35,65.9756,379,NaN,NaN,NaN,NaN
351.497,455,2287,156600,42.2704,-83.74,26.31,NaN,NaN,NaN,11.00,NaN,0.2,200,750,-35,65.9756,379,NaN,NaN,NaN,NaN
351.497,455,2287,156700,42.2704,-83.74,26.31,NaN,NaN,NaN,11.00,NaN,0.2,200,750,8,65.9756,379,NaN,NaN,NaN,NaN
351.497,455,2287,157000,42.2705,-83.7402,26.31,NaN,NaN,NaN,11.00,NaN,0.2,200,750,8,65.9756,379,NaN,NaN,NaN,NaN
351.497,455,2287,157600,42.2705,-83.7402,27.08,NaN,NaN,NaN,11.00,NaN,0.2,200,750,8,65.9756,379,NaN,NaN,NaN,NaN
351.497,455,2287,157800,42.2705,-83.7402,27.08,NaN,NaN,NaN,11.00,NaN,0.2,200,750,-43,65.9756,379,NaN,NaN,NaN,NaN
351.497,455,2287,158600,42.2705,-83.7402,30.6,NaN,NaN,NaN,11.00,NaN,0.2,200,750,-43,65.9756,379,NaN,NaN,NaN,NaN
351.497,455,2287,158800,42.2705,-83.7402,30.6,NaN,NaN,NaN,11.00,NaN,0.2,200,750,-49.5,65.9756,379,NaN,NaN,NaN,NaN
351.497,455,2287,159700,42.2705,-83.7402,33.41,NaN,NaN,NaN,11.00,NaN,0.2,200,750,-49.5,65.9756,379,NaN,NaN,NaN,NaN
351.497,455,2287,159800,42.2705,-83.7402,33.41,NaN,NaN,NaN,11.00,NaN,0.2,200,750,-38.5,65.9756,379,NaN,NaN,NaN,NaN
351.497,455,2287,160000,42.2707,-83.7404,33.41,NaN,NaN,NaN,11.00,NaN,0.2,200,750,-38.5,65.9756,379,NaN,NaN,NaN,NaN
351.497,455,2287,160700,42.2707,-83.7404,35.49,NaN,NaN,NaN,11.00,NaN,0.2,200,750,-38.5,65.9756,379,NaN,NaN,NaN,NaN
351.497,455,2287,160900,42.2707,-83.7404,35.49,NaN,NaN,NaN,11.00,NaN,0.2,200,750,-43,65.9756,379,NaN,NaN,NaN,NaN
351.497,455,2287,161500,42.2707,-83.7404,35.49,NaN,NaN,NaN,11.00,NaN,0.2,200,750,-43,65.9756,376,NaN,NaN,NaN,NaN
351.497,455,2287,161800,42.2707,-83.7404,35.65,NaN,NaN,NaN,11.00,NaN,0.2,200,750,-43,65.9756,376,NaN,NaN,NaN,NaN
351.497,455,2287,161900,42.2707,-83.7404,35.65,NaN,NaN,NaN,11.00,NaN,0.2,200,750,15.5,65.9756,376,NaN,NaN,NaN,NaN
351.497,455,2287,162800,42.2707,-83.7404,35.32,NaN,NaN,NaN,11.00,NaN,0.2,200,750,15.5,65.9756,376,NaN,NaN,NaN,NaN
351.497,455,2287,163000,42.2709,-83.7406,35.32,NaN,NaN,NaN,11.00,NaN,0.2,200,750,-22.5,65.9756,376,NaN,NaN,NaN,NaN
351.497,455,2287,163800,42.2709,-83.7406,37.3,NaN,NaN,NaN,11.00,NaN,0.2,200,750,-22.5,65.9756,376,NaN,NaN,NaN,NaN
351.497,455,2287,164000,42.2709,-83.7406,37.3,NaN,NaN,NaN,11.00,NaN,0.2,200,750,-45.5,65.9756,376,NaN,NaN,NaN,NaN
351.497,455,2287,164900,42.2709,-83.7406,40.97,NaN,NaN,NaN,11.00,NaN,0.2,200,750,-45.5,65.9756,376,NaN,NaN,NaN,NaN
351.497,455,2287,165000,42.2709,-83.7406,40.97,NaN,NaN,NaN,11.00,NaN,0.2,200,750,-43,65.9756,376,NaN,NaN,NaN,NaN
351.497,455,2287,165900,42.2709,-83.7406,40.37,NaN,NaN,NaN,11.00,NaN,0.2,200,750,-43,65.9756,376,NaN,NaN,NaN,NaN
351.497,455,2287,166000,42.2711,-83.7408,40.37,NaN,NaN,NaN,11.00,NaN,0.2,200,750,-43,65.9756,376,NaN,NaN,NaN,NaN
351.497,455,2287,166100,42.2711,-83.7408,40.37,NaN,NaN,NaN,11.00,NaN,0.2,200,750,-33,65.9756,376,NaN,NaN,NaN,NaN
351.497,455,2287,166600,42.2711,-83.7408,40.37,NaN,NaN,NaN,11.00,NaN,0.2,200,750,-33,65.9756,377,NaN,NaN,NaN,NaN
351.497,455,2287,167000,42.2711,-83.7408,38.74,NaN,NaN,NaN,11.00,NaN,0.2,200,750,-33,65.9756,377,NaN,NaN,NaN,NaN
351.497,455,2287,167100,42.2711,-83.7408,38.74,NaN,NaN,NaN,11.00,NaN,0.2,200,750,20,65.9756,377,NaN,NaN,NaN,NaN
351.497,455,2287,168000,42.2711,-83.7408,39.98,NaN,NaN,NaN,11.00,NaN,0.2,200,750,20,65.9756,377,NaN,NaN,NaN,NaN
351.497,455,2287,168200,42.2711,-83.7408,39.98,NaN,NaN,NaN,11.00,NaN,0.2,200,750,-30,65.9756,377,NaN,NaN,NaN,NaN
351.497,455,2287,168900,42.2713,-83.741,39.98,NaN,NaN,NaN,11.00,NaN,0.2,200,750,-30,65.9756,377,NaN,NaN,NaN,NaN
351.497,455,2287,169000,42.2713,-83.741,41.05,NaN,NaN,NaN,11.00,NaN,0.2,200,750,-30,65.9756,377,NaN,NaN,NaN,NaN
351.497,455,2287,169200,42.2713,-83.741,41.05,NaN,NaN,NaN,11.00,NaN,0.2,200,750,6.5,65.9756,377,NaN,NaN,NaN,NaN
351.497,455,2287,170100,42.2713,-83.741,40.08,NaN,NaN,NaN,11.00,NaN,0.2,200,750,6.5,65.9756,377,NaN,NaN,NaN,NaN
351.497,455,2287,171100,42.2713,-83.741,37.36,NaN,NaN,NaN,11.00,NaN,0.2,200,750,6.5,65.9756,377,NaN,NaN,NaN,NaN
351.497,455,2287,171300,42.2713,-83.741,37.36,NaN,NaN,NaN,11.00,NaN,0.2,200,750,14.5,65.9756,377,NaN,NaN,NaN,NaN
351.497,455,2287,171600,42.2713,-83.741,37.36,NaN,NaN,NaN,11.00,NaN,0.2,200,750,14.5,65.9756,382,NaN,NaN,NaN,NaN
351.497,455,2287,171900,42.2716,-83.7412,37.36,NaN,NaN,NaN,11.00,NaN,0.2,200,750,14.5,65.9756,382,NaN,NaN,NaN,NaN
351.497,455,2287,172200,42.2716,-83.7412,30.84,NaN,NaN,NaN,11.00,NaN,0.2,200,750,14.5,65.9756,382,NaN,NaN,NaN,NaN
351.497,455,2287,173200,42.2716,-83.7412,22.85,NaN,NaN,NaN,11.00,NaN,0.2,200,750,14.5,65.9756,382,NaN,NaN,NaN,NaN
351.497,455,2287,173400,42.2716,-83.7412,22.85,NaN,NaN,NaN,11.00,NaN,0.2,200,750,10,65.9756,382,NaN,NaN,NaN,NaN
351.497,455,2287,174200,42.2716,-83.7412,13.99,NaN,NaN,NaN,11.00,NaN,0.2,200,750,10,65.9756,382,NaN,NaN,NaN,NaN
351.497,455,2287,174400,42.2716,-83.7412,13.99,NaN,NaN,NaN,11.00,NaN,0.2,200,750,7,65.9756,382,NaN,NaN,NaN,NaN
351.497,455,2287,175000,42.2717,-83.7413,13.99,NaN,NaN,NaN,11.00,NaN,0.2,200,750,7,65.9756,382,NaN,NaN,NaN,NaN
351.497,455,2287,175300,42.2717,-83.7413,5.57,NaN,NaN,NaN,11.00,NaN,0.2,200,750,7,65.9756,382,NaN,NaN,NaN,NaN
351.497,455,2287,175400,42.2717,-83.7413,5.57,NaN,NaN,NaN,11.00,NaN,0.2,200,750,-3,65.9756,382,NaN,NaN,NaN,NaN
351.497,455,2287,176300,42.2717,-83.7413,0,NaN,NaN,NaN,11.00,NaN,0.2,200,750,-3,65.7317,382,NaN,NaN,NaN,NaN
351.497,455,2287,176400,42.2717,-83.7413,0,NaN,NaN,NaN,11.00,NaN,0.2,200,750,-3,65.7317,380.5,NaN,NaN,NaN,NaN
351.497,455,2287,176500,42.2717,-83.7413,0,NaN,NaN,NaN,11.00,NaN,0.2,200,750,-4,65.7317,380.5,NaN,NaN,NaN,NaN
351.497,455,2287,178600,42.2717,-83.7413,0,NaN,NaN,NaN,11.00,NaN,0.2,200,750,-3.5,65.7317,380.5,NaN,NaN,NaN,NaN
351.497,455,2287,179600,42.2717,-83.7413,0,NaN,NaN,NaN,11.00,NaN,0.2,200,750,-5.5,65.7317,380.5,NaN,NaN,NaN,NaN
351.497,455,2287,187100,42.2717,-83.7413,0,NaN,NaN,NaN,11.00,NaN,0.2,200,750,-4,65.7317,380.5,NaN,NaN,NaN,NaN
351.497,455,2287,188100,42.2717,-83.7413,0,NaN,NaN,NaN,11.00,NaN,0.2,200,750,-4.5,65.7317,380.5,NaN,NaN,NaN,NaN
351.497,455,2287,189200,42.2717,-83.7413,0,NaN,NaN,NaN,11.00,NaN,0.2,200,750,-5.5,65.7317,380.5,NaN,NaN,NaN,NaN
351.497,455,2287,190200,42.2717,-83.7413,0,NaN,NaN,NaN,11.00,NaN,0.2,200,750,-4,65.7317,380.5,NaN,NaN,NaN,NaN
351.497,455,2287,191200,42.2717,-83.7413,0,NaN,NaN,NaN,11.00,NaN,0.2,200,750,-4.5,65.7317,380.5,NaN,NaN,NaN,NaN
351.497,455,2287,193300,42.2717,-83.7413,0,NaN,NaN,NaN,11.00,NaN,0.2,200,750,-3.5,65.7317,380.5,NaN,NaN,NaN,NaN
351.497,455,2287,197500,42.2717,-83.7413,0,NaN,NaN,NaN,11.00,NaN,0.2,200,750,-4.5,65.7317,380.5,NaN,NaN,NaN,NaN
351.497,455,2287,198500,42.2717,-83.7413,0,NaN,NaN,NaN,11.00,NaN,0.2,200,750,-5,65.7317,380.5,NaN,NaN,NaN,NaN
351.497,455,2287,199600,42.2717,-83.7413,0,NaN,NaN,NaN,11.00,NaN,0.2,200,750,-5.5,65.7317,380.5,NaN,NaN,NaN,NaN
351.497,455,2287,200600,42.2717,-83.7413,0,NaN,NaN,NaN,11.00,NaN,0.2,200,750,-4,65.7317,380.5,NaN,NaN,NaN,NaN
351.497,455,2287,202700,42.2717,-83.7413,0,NaN,NaN,NaN,11.00,NaN,0.2,200,750,-2,65.7317,380.5,NaN,NaN,NaN,NaN
351.497,455,2287,203700,42.2717,-83.7413,0,NaN,NaN,NaN,11.00,NaN,0.2,200,750,-3.5,65.7317,380.5,NaN,NaN,NaN,NaN
351.497,455,2287,204800,42.2717,-83.7413,0,NaN,NaN,NaN,11.00,NaN,0.2,200,750,-3,65.7317,380.5,NaN,NaN,NaN,NaN
351.497,455,2287,204900,42.2717,-83.7414,0,NaN,NaN,NaN,11.00,NaN,0.2,200,750,-3,65.7317,380.5,NaN,NaN,NaN,NaN
351.497,455,2287,205800,42.2717,-83.7414,0,NaN,NaN,NaN,11.00,NaN,0.2,200,750,-4.5,65.7317,380.5,NaN,NaN,NaN,NaN
351.497,455,2287,206800,42.2717,-83.7414,0,NaN,NaN,NaN,11.00,NaN,0.2,200,750,-3.5,65.7317,380.5,NaN,NaN,NaN,NaN
351.497,455,2287,207900,42.2717,-83.7414,0,NaN,NaN,NaN,11.00,NaN,0.2,200,750,-4.5,65.7317,380.5,NaN,NaN,NaN,NaN
351.497,455,2287,208900,42.2717,-83.7414,0,NaN,NaN,NaN,11.00,NaN,0.2,200,750,-3.5,65.7317,380.5,NaN,NaN,NaN,NaN
351.497,455,2287,210000,42.2717,-83.7414,0,NaN,NaN,NaN,11.00,NaN,0.2,200,750,-3,65.7317,380.5,NaN,NaN,NaN,NaN
351.497,455,2287,211000,42.2717,-83.7414,0,NaN,NaN,NaN,11.00,NaN,0.2,200,750,-2.5,65.7317,380.5,NaN,NaN,NaN,NaN
351.497,455,2287,211600,42.2717,-83.7414,0,NaN,NaN,NaN,11.00,NaN,0.2,200,750,-2.5,65.7317,381,NaN,NaN,NaN,NaN
351.497,455,2287,212000,42.2717,-83.7414,0,NaN,NaN,NaN,11.00,NaN,0.2,200,750,-3,65.7317,381,NaN,NaN,NaN,NaN
351.497,455,2287,213100,42.2717,-83.7414,0,NaN,NaN,NaN,11.00,NaN,0.2,200,750,-3.5,65.7317,381,NaN,NaN,NaN,NaN
351.497,455,2287,215200,42.2717,-83.7414,0,NaN,NaN,NaN,11.00,NaN,0.2,200,750,-10.5,65.7317,381,NaN,NaN,NaN,NaN
351.497,455,2287,216000,42.2717,-83.7414,0,NaN,NaN,NaN,11.00,NaN,0.2,200,750,-10.5,65.7317,381,NaN,NaN,NaN,NaN
351.497,455,2287,216400,42.2717,-83.7414,5.64,NaN,NaN,NaN,11.00,NaN,0.2,200,750,-10.5,65.7317,379.5,NaN,NaN,NaN,NaN
351.497,455,2287,216500,42.2717,-83.7414,5.64,NaN,NaN,NaN,11.00,NaN,0.2,200,750,-30,65.7317,379.5,NaN,NaN,NaN,NaN
351.497,455,2287,216900,42.2717,-83.7414,5.64,NaN,NaN,NaN,11.00,NaN,0.15,150,750,-30,65.7317,379.5,NaN,NaN,NaN,NaN
351.497,455,2287,217400,42.2717,-83.7414,11.04,NaN,NaN,NaN,11.00,NaN,0.15,150,750,-30,65.7317,379.5,NaN,NaN,NaN,NaN
351.497,455,2287,218400,42.2717,-83.7414,16.02,NaN,NaN,NaN,11.00,NaN,0.15,150,750,-30,65.7317,379.5,NaN,NaN,NaN,NaN
351.497,455,2287,218600,42.2717,-83.7414,16.02,NaN,NaN,NaN,11.00,NaN,0.15,150,750,-42.5,65.7317,379.5,NaN,NaN,NaN,NaN
351.497,455,2287,218900,42.2718,-83.7415,16.02,NaN,NaN,NaN,11.00,NaN,0.15,150,750,-42.5,65.7317,379.5,NaN,NaN,NaN,NaN
351.497,455,2287,219500,42.2718,-83.7415,21.35,NaN,NaN,NaN,11.00,NaN,0.15,150,750,-42.5,65.7317,379.5,NaN,NaN,NaN,NaN
351.497,455,2287,219700,42.2718,-83.7415,21.35,NaN,NaN,NaN,11.00,NaN,0.15,150,750,-56.5,65.7317,379.5,NaN,NaN,NaN,NaN
351.497,455,2287,220600,42.2718,-83.7415,26.99,NaN,NaN,NaN,11.00,NaN,0.15,150,750,-56.5,65.7317,379.5,NaN,NaN,NaN,NaN
351.497,455,2287,220800,42.2718,-83.7415,26.99,NaN,NaN,NaN,11.00,NaN,0.15,150,750,-71.5,65.7317,379.5,NaN,NaN,NaN,NaN
351.497,455,2287,221500,42.2718,-83.7415,26.99,NaN,NaN,NaN,11.00,NaN,0.15,150,750,-71.5,65.7317,373.5,NaN,NaN,NaN,NaN
351.497,455,2287,221600,42.2718,-83.7415,32.38,NaN,NaN,NaN,11.00,NaN,0.15,150,750,-71.5,65.7317,373.5,NaN,NaN,NaN,NaN
351.497,455,2287,221900,42.2719,-83.7416,32.38,NaN,NaN,NaN,11.00,NaN,0.15,150,750,-51.5,65.7317,373.5,NaN,NaN,NaN,NaN
351.497,455,2287,222700,42.2719,-83.7416,36.32,NaN,NaN,NaN,11.00,NaN,0.15,150,750,-51.5,65.7317,373.5,NaN,NaN,NaN,NaN
351.497,455,2287,223800,42.2719,-83.7416,37.49,NaN,NaN,NaN,11.00,NaN,0.15,150,750,-51.5,65.7317,373.5,NaN,NaN,NaN,NaN
351.497,455,2287,223900,42.2719,-83.7416,37.49,NaN,NaN,NaN,11.00,NaN,0.15,150,750,-52,65.7317,373.5,NaN,NaN,NaN,NaN
351.497,455,2287,224800,42.2719,-83.7416,39.61,NaN,NaN,NaN,11.00,NaN,0.15,150,750,-52,65.7317,373.5,NaN,NaN,NaN,NaN
351.497,455,2287,225000,42.2721,-83.7418,39.61,NaN,NaN,NaN,11.00,NaN,0.15,150,750,-46,65.7317,373.5,NaN,NaN,NaN,NaN
351.497,455,2287,225800,42.2721,-83.7418,41.69,NaN,NaN,NaN,11.00,NaN,0.15,150,750,-46,65.7317,373.5,NaN,NaN,NaN,NaN
351.497,455,2287,226000,42.2721,-83.7418,41.69,NaN,NaN,NaN,11.00,NaN,0.15,150,750,-49,65.7317,373.5,NaN,NaN,NaN,NaN
351.497,455,2287,226600,42.2721,-83.7418,41.69,NaN,NaN,NaN,11.00,NaN,0.15,150,750,-49,65.7317,375,NaN,NaN,NaN,NaN
351.497,455,2287,226900,42.2721,-83.7418,43.2,NaN,NaN,NaN,11.00,NaN,0.15,150,750,-49,65.7317,375,NaN,NaN,NaN,NaN
351.497,455,2287,227000,42.2721,-83.7418,43.2,NaN,NaN,NaN,11.00,NaN,0.15,150,750,-47.5,65.7317,375,NaN,NaN,NaN,NaN
351.497,455,2287,227900,42.2721,-83.7418,44.19,NaN,NaN,NaN,11.00,NaN,0.15,150,750,-47.5,65.7317,375,NaN,NaN,NaN,NaN
351.497,455,2287,228000,42.2723,-83.7421,44.19,NaN,NaN,NaN,11.00,NaN,0.15,150,750,-47.5,65.7317,375,NaN,NaN,NaN,NaN
351.497,455,2287,228100,42.2723,-83.7421,44.19,NaN,NaN,NaN,11.00,NaN,0.15,150,750,-13.5,65.7317,375,NaN,NaN,NaN,NaN
351.497,455,2287,229000,42.2723,-83.7421,44.9,NaN,NaN,NaN,11.00,NaN,0.15,150,750,-13.5,65.7317,375,NaN,NaN,NaN,NaN
351.497,455,2287,229100,42.2723,-83.7421,44.9,NaN,NaN,NaN,11.00,NaN,0.15,150,750,-30.5,65.7317,375,NaN,NaN,NaN,NaN
351.497,455,2287,230000,42.2723,-83.7421,45.57,NaN,NaN,NaN,11.00,NaN,0.15,150,750,-30.5,65.7317,375,NaN,NaN,NaN,NaN
351.497,455,2287,230200,42.2723,-83.7421,45.57,NaN,NaN,NaN,11.00,NaN,0.15,150,750,-36.5,65.7317,375,NaN,NaN,NaN,NaN
351.497,455,2287,230900,42.2726,-83.7424,45.57,NaN,NaN,NaN,11.00,NaN,0.15,150,750,-36.5,65.7317,375,NaN,NaN,NaN,NaN
351.497,455,2287,231000,42.2726,-83.7424,46.35,NaN,NaN,NaN,11.00,NaN,0.15,150,750,-36.5,65.7317,375,NaN,NaN,NaN,NaN
351.497,455,2287,231200,42.2726,-83.7424,46.35,NaN,NaN,NaN,11.00,NaN,0.15,150,750,-34.5,65.7317,375,NaN,NaN,NaN,NaN
351.497,455,2287,231600,42.2726,-83.7424,46.35,NaN,NaN,NaN,11.00,NaN,0.15,150,750,-34.5,65.7317,376,NaN,NaN,NaN,NaN
351.497,455,2287,232100,42.2726,-83.7424,45.07,NaN,NaN,NaN,11.00,NaN,0.15,150,750,-34.5,65.7317,376,NaN,NaN,NaN,NaN
351.497,455,2287,232200,42.2726,-83.7424,45.07,NaN,NaN,NaN,11.00,NaN,0.15,150,750,-34,65.7317,376,NaN,NaN,NaN,NaN
351.497,455,2287,233100,42.2726,-83.7424,42.17,NaN,NaN,NaN,11.00,NaN,0.15,150,750,-34,65.7317,376,NaN,NaN,NaN,NaN
351.497,455,2287,233300,42.2726,-83.7424,42.17,NaN,NaN,NaN,11.00,NaN,0.15,150,750,21.5,65.7317,376,NaN,NaN,NaN,NaN
351.497,455,2287,233900,42.2729,-83.7426,42.17,NaN,NaN,NaN,11.00,NaN,0.15,150,750,21.5,65.7317,376,NaN,NaN,NaN,NaN
351.497,455,2287,234200,42.2729,-83.7426,39.62,NaN,NaN,NaN,11.00,NaN,0.15,150,750,21.5,65.7317,376,NaN,NaN,NaN,NaN
351.497,455,2287,235200,42.2729,-83.7426,36.99,NaN,NaN,NaN,11.00,NaN,0.15,150,750,21.5,65.7317,376,NaN,NaN,NaN,NaN
351.497,455,2287,235400,42.2729,-83.7426,36.99,NaN,NaN,NaN,11.00,NaN,0.15,150,750,14.5,65.7317,376,NaN,NaN,NaN,NaN
351.497,455,2287,236200,42.2729,-83.7426,34.3,NaN,NaN,NaN,11.00,NaN,0.15,150,750,14.5,65.7317,376,NaN,NaN,NaN,NaN
351.497,455,2287,236400,42.2729,-83.7426,34.3,NaN,NaN,NaN,11.00,NaN,0.15,150,750,15,65.7317,376,NaN,NaN,NaN,NaN
351.497,455,2287,236600,42.2729,-83.7426,34.3,NaN,NaN,NaN,11.00,NaN,0.15,150,750,15,65.7317,381.5,NaN,NaN,NaN,NaN
351.497,455,2287,236900,42.2731,-83.7429,34.3,NaN,NaN,NaN,11.00,NaN,0.15,150,750,15,65.7317,381.5,NaN,NaN,NaN,NaN
351.497,455,2287,237300,42.2731,-83.7429,31.6,NaN,NaN,NaN,11.00,NaN,0.15,150,750,15,65.7317,381.5,NaN,NaN,NaN,NaN
351.497,455,2287,237400,42.2731,-83.7429,31.6,NaN,NaN,NaN,11.00,NaN,0.15,150,750,12.5,65.7317,381.5,NaN,NaN,NaN,NaN
351.497,455,2287,238300,42.2731,-83.7429,28.07,NaN,NaN,NaN,11.00,NaN,0.15,150,750,12.5,65.7317,381.5,NaN,NaN,NaN,NaN
351.497,455,2287,238500,42.2731,-83.7429,28.07,NaN,NaN,NaN,11.00,NaN,0.15,150,750,42,65.7317,381.5,NaN,NaN,NaN,NaN
351.497,455,2287,239400,42.2731,-83.7429,22.4,NaN,NaN,NaN,11.00,NaN,0.15,150,750,42,65.7317,381.5,NaN,NaN,NaN,NaN
351.497,455,2287,239900,42.2732,-83.743,22.4,NaN,NaN,NaN,11.00,NaN,0.15,150,750,42,65.7317,381.5,NaN,NaN,NaN,NaN
351.497,455,2287,240400,42.2732,-83.743,15.12,NaN,NaN,NaN,11.00,NaN,0.15,150,750,42,65.7317,381.5,NaN,NaN,NaN,NaN
351.497,455,2287,240600,42.2732,-83.743,15.12,NaN,NaN,NaN,11.00,NaN,0.15,150,750,30,65.7317,381.5,NaN,NaN,NaN,NaN
351.497,455,2287,241400,42.2732,-83.743,9.46,NaN,NaN,NaN,11.00,NaN,0.15,150,750,30,65.7317,381.5,NaN,NaN,NaN,NaN
351.497,455,2287,241600,42.2732,-83.743,9.46,NaN,NaN,NaN,11.00,NaN,0.15,150,750,11,65.7317,381.5,NaN,NaN,NaN,NaN
351.497,455,2287,242500,42.2732,-83.743,5.71,NaN,NaN,NaN,11.00,NaN,0.15,150,750,11,65.7317,381.5,NaN,NaN,NaN,NaN
351.497,455,2287,242600,42.2732,-83.743,5.71,NaN,NaN,NaN,11.00,NaN,0.15,150,750,1,65.7317,381.5,NaN,NaN,NaN,NaN
351.497,455,2287,242900,42.2733,-83.7431,5.71,NaN,NaN,NaN,11.00,NaN,0.15,150,750,1,65.7317,381.5,NaN,NaN,NaN,NaN
351.497,455,2287,243500,42.2733,-83.7431,8.97,NaN,NaN,NaN,11.00,NaN,0.15,150,750,1,65.7317,381.5,NaN,NaN,NaN,NaN
351.497,455,2287,243700,42.2733,-83.7431,8.97,NaN,NaN,NaN,11.00,NaN,0.15,150,750,-26.5,65.7317,381.5,NaN,NaN,NaN,NaN
351.497,455,2287,244600,42.2733,-83.7431,14.85,NaN,NaN,NaN,11.00,NaN,0.15,150,750,-26.5,65.7317,381.5,NaN,NaN,NaN,NaN
351.497,455,2287,244700,42.2733,-83.7431,14.85,NaN,NaN,NaN,11.00,NaN,0.15,150,750,-40.5,65.7317,381.5,NaN,NaN,NaN,NaN
351.497,455,2287,245600,42.2733,-83.7431,20.44,NaN,NaN,NaN,11.00,NaN,0.15,150,750,-40.5,65.7317,381.5,NaN,NaN,NaN,NaN
351.497,455,2287,245800,42.2733,-83.7431,20.44,NaN,NaN,NaN,11.00,NaN,0.15,150,750,-41.5,65.7317,381.5,NaN,NaN,NaN,NaN
351.497,455,2287,246600,42.2733,-83.7431,24.95,NaN,NaN,NaN,11.00,NaN,0.15,150,750,-41.5,65.7317,381.5,NaN,NaN,NaN,NaN
351.497,455,2287,246700,42.2733,-83.7431,24.95,NaN,NaN,NaN,11.00,NaN,0.15,150,750,-41.5,65.7317,375.5,NaN,NaN,NaN,NaN
351.497,455,2287,246900,42.2734,-83.7433,24.95,NaN,NaN,NaN,11.00,NaN,0.15,150,750,-41.5,65.7317,375.5,NaN,NaN,NaN,NaN
351.497,455,2287,247700,42.2734,-83.7433,27.45,NaN,NaN,NaN,11.00,NaN,0.15,150,750,-41.5,65.7317,375.5,NaN,NaN,NaN,NaN
351.497,455,2287,247800,42.2734,-83.7433,27.45,NaN,NaN,NaN,11.00,NaN,0.15,150,750,11.5,65.7317,375.5,NaN,NaN,NaN,NaN
351.497,455,2287,248700,42.2734,-83.7433,26.37,NaN,NaN,NaN,11.00,NaN,0.15,150,750,11.5,65.7317,375.5,NaN,NaN,NaN,NaN
351.497,455,2287,249800,42.2734,-83.7433,23.29,NaN,NaN,NaN,11.00,NaN,0.15,150,750,11.5,65.7317,375.5,NaN,NaN,NaN,NaN
351.497,455,2287,249900,42.2736,-83.7434,23.29,NaN,NaN,NaN,11.00,NaN,0.15,150,750,8,65.7317,375.5,NaN,NaN,NaN,NaN
351.497,455,2287,250800,42.2736,-83.7434,20.29,NaN,NaN,NaN,11.00,NaN,0.15,150,750,8,65.7317,375.5,NaN,NaN,NaN,NaN
351.497,455,2287,251800,42.2736,-83.7434,17.08,NaN,NaN,NaN,11.00,NaN,0.15,150,750,8,65.7317,381,NaN,NaN,NaN,NaN
351.497,455,2287,252000,42.2736,-83.7434,17.08,NaN,NaN,NaN,11.00,NaN,0.15,150,750,1,65.7317,381,NaN,NaN,NaN,NaN
351.497,455,2287,252900,42.2736,-83.7434,14.25,NaN,NaN,NaN,11.00,NaN,0.15,150,750,1,65.7317,381,NaN,NaN,NaN,NaN
351.497,455,2287,253000,42.2737,-83.7435,14.25,NaN,NaN,NaN,11.00,NaN,0.15,150,750,1,65.7317,381,NaN,NaN,NaN,NaN
351.497,455,2287,253900,42.2737,-83.7435,9.53,NaN,NaN,NaN,11.00,NaN,0.15,150,750,1,65.7317,381,NaN,NaN,NaN,NaN
351.497,455,2287,254200,42.2737,-83.7435,9.53,NaN,NaN,NaN,11.00,NaN,0.15,150,750,-2.5,65.7317,381,NaN,NaN,NaN,NaN
351.497,455,2287,255000,42.2737,-83.7435,7.16,NaN,NaN,NaN,11.00,NaN,0.15,150,750,-2.5,65.7317,381,NaN,NaN,NaN,NaN
351.497,455,2287,255900,42.2737,-83.7436,7.16,NaN,NaN,NaN,11.00,NaN,0.15,150,750,-2.5,65.7317,381,NaN,NaN,NaN,NaN
351.497,455,2287,256100,42.2737,-83.7436,5.65,NaN,NaN,NaN,11.00,NaN,0.15,150,750,-2.5,65.7317,381,NaN,NaN,NaN,NaN
351.497,455,2287,256300,42.2737,-83.7436,5.65,NaN,NaN,NaN,11.00,NaN,0.15,150,750,-8.5,65.7317,381,NaN,NaN,NaN,NaN
351.497,455,2287,256800,42.2737,-83.7436,5.65,NaN,NaN,NaN,11.00,NaN,0.15,150,750,-8.5,65.7317,380,NaN,NaN,NaN,NaN
351.497,455,2287,257200,42.2737,-83.7436,6.03,NaN,NaN,NaN,11.00,NaN,0.15,150,750,-8.5,65.7317,380,NaN,NaN,NaN,NaN
351.497,455,2287,258200,42.2737,-83.7436,6.32,NaN,NaN,NaN,11.00,NaN,0.15,150,750,-8.5,65.7317,380,NaN,NaN,NaN,NaN
351.497,455,2287,258400,42.2737,-83.7436,6.32,NaN,NaN,NaN,11.00,NaN,0.15,150,750,-5.5,65.7317,380,NaN,NaN,NaN,NaN
351.497,455,2287,258900,42.2738,-83.7436,6.32,NaN,NaN,NaN,11.00,NaN,0.15,150,750,-5.5,65.7317,380,NaN,NaN,NaN,NaN
351.497,455,2287,259200,42.2738,-83.7436,10.26,NaN,NaN,NaN,11.00,NaN,0.15,150,750,-5.5,65.7317,380,NaN,NaN,NaN,NaN
351.497,455,2287,259500,42.2738,-83.7436,10.26,NaN,NaN,NaN,11.00,NaN,0.15,150,750,-24,65.7317,380,NaN,NaN,NaN,NaN
351.497,455,2287,260300,42.2738,-83.7436,14.16,NaN,NaN,NaN,11.00,NaN,0.15,150,750,-24,65.7317,380,NaN,NaN,NaN,NaN
351.497,455,2287,260500,42.2738,-83.7436,14.16,NaN,NaN,NaN,11.00,NaN,0.15,150,750,-33,65.7317,380,NaN,NaN,NaN,NaN
351.497,455,2287,261300,42.2738,-83.7436,15.42,NaN,NaN,NaN,11.00,NaN,0.15,150,750,-33,65.7317,380,NaN,NaN,NaN,NaN
351.497,455,2287,261800,42.2738,-83.7436,15.42,NaN,NaN,NaN,11.00,NaN,0.15,150,750,-33,65.7317,379,NaN,NaN,NaN,NaN
351.497,455,2287,261900,42.2739,-83.7437,15.42,NaN,NaN,NaN,11.00,NaN,0.15,150,750,-33,65.7317,379,NaN,NaN,NaN,NaN
351.497,455,2287,262400,42.2739,-83.7437,18.6,NaN,NaN,NaN,11.00,NaN,0.15,150,750,-33,65.7317,379,NaN,NaN,NaN,NaN
351.497,455,2287,262600,42.2739,-83.7437,18.6,NaN,NaN,NaN,11.00,NaN,0.15,150,750,-40.5,65.7317,379,NaN,NaN,NaN,NaN
351.497,455,2287,263400,42.2739,-83.7437,22.2,NaN,NaN,NaN,11.00,NaN,0.15,150,750,-40.5,65.7317,379,NaN,NaN,NaN,NaN
351.497,455,2287,263600,42.2739,-83.7437,22.2,NaN,NaN,NaN,11.00,NaN,0.15,150,750,-36,65.7317,379,NaN,NaN,NaN,NaN
351.497,455,2287,264400,42.2739,-83.7437,23.53,NaN,NaN,NaN,11.00,NaN,0.15,150,750,-36,65.7317,379,NaN,NaN,NaN,NaN
351.497,455,2287,265000,42.274,-83.7438,23.53,NaN,NaN,NaN,11.00,NaN,0.15,150,750,-36,65.7317,379,NaN,NaN,NaN,NaN
351.497,455,2287,265500,42.274,-83.7438,26.27,NaN,NaN,NaN,11.00,NaN,0.15,150,750,-36,65.7317,379,NaN,NaN,NaN,NaN
351.497,455,2287,265700,42.274,-83.7438,26.27,NaN,NaN,NaN,11.00,NaN,0.15,150,750,-52.5,65.7317,379,NaN,NaN,NaN,NaN
351.497,455,2287,266500,42.274,-83.7438,29.06,NaN,NaN,NaN,11.00,NaN,0.15,150,750,-52.5,65.7317,379,NaN,NaN,NaN,NaN
351.497,455,2287,266800,42.274,-83.7438,29.06,NaN,NaN,NaN,11.00,NaN,0.15,150,750,-52.5,65.7317,374.5,NaN,NaN,NaN,NaN
351.497,455,2287,267600,42.274,-83.7438,30.61,NaN,NaN,NaN,11.00,NaN,0.15,150,750,-52.5,65.7317,374.5,NaN,NaN,NaN,NaN
351.497,455,2287,267800,42.274,-83.7438,30.61,NaN,NaN,NaN,11.00,NaN,0.15,150,750,-21,65.7317,374.5,NaN,NaN,NaN,NaN
351.497,455,2287,268000,42.2741,-83.744,30.61,NaN,NaN,NaN,11.00,NaN,0.15,150,750,-21,65.7317,374.5,NaN,NaN,NaN,NaN
351.497,455,2287,268600,42.2741,-83.744,30.36,NaN,NaN,NaN,11.00,NaN,0.15,150,750,-21,65.7317,374.5,NaN,NaN,NaN,NaN
351.497,455,2287,269600,42.2741,-83.744,31.38,NaN,NaN,NaN,11.00,NaN,0.15,150,750,-21,65.7317,374.5,NaN,NaN,NaN,NaN
351.497,455,2287,269900,42.2741,-83.744,31.38,NaN,NaN,NaN,11.00,NaN,0.15,150,750,-37,65.7317,374.5,NaN,NaN,NaN,NaN
351.497,455,2287,270700,42.2741,-83.744,32.5,NaN,NaN,NaN,11.00,NaN,0.15,150,750,-37,65.7317,374.5,NaN,NaN,NaN,NaN
351.497,455,2287,270900,42.2744,-83.7442,32.5,NaN,NaN,NaN,11.00,NaN,0.15,150,750,-50,65.7317,374.5,NaN,NaN,NaN,NaN
351.497,455,2287,271700,42.2744,-83.7442,34.06,NaN,NaN,NaN,11.00,NaN,0.15,150,750,-50,65.7317,374.5,NaN,NaN,NaN,NaN
351.497,455,2287,272000,42.2744,-83.7442,34.06,NaN,NaN,NaN,11.00,NaN,0.15,150,750,-54.5,65.7317,374.5,NaN,NaN,NaN,NaN
351.497,455,2287,272800,42.2744,-83.7442,35.92,NaN,NaN,NaN,11.00,NaN,0.15,150,750,-54.5,65.7317,374.5,NaN,NaN,NaN,NaN
351.497,455,2287,273000,42.2744,-83.7442,35.92,NaN,NaN,NaN,11.00,NaN,0.15,150,750,-60,65.7317,374.5,NaN,NaN,NaN,NaN
351.497,455,2287,273800,42.2744,-83.7442,38.7,NaN,NaN,NaN,11.00,NaN,0.15,150,750,-60,65.7317,374.5,NaN,NaN,NaN,NaN
351.497,455,2287,273900,42.2746,-83.7442,38.7,NaN,NaN,NaN,11.00,NaN,0.15,150,750,-60,65.7317,374.5,NaN,NaN,NaN,NaN
351.497,455,2287,274800,42.2746,-83.7442,40.52,NaN,NaN,NaN,11.00,NaN,0.15,150,750,-60,65.7317,374.5,NaN,NaN,NaN,NaN
351.497,455,2287,275100,42.2746,-83.7442,40.52,NaN,NaN,NaN,11.00,NaN,0.15,150,750,-45.5,65.7317,374.5,NaN,NaN,NaN,NaN
351.497,455,2287,275900,42.2746,-83.7442,41.19,NaN,NaN,NaN,11.00,NaN,0.15,150,750,-45.5,65.7317,374.5,NaN,NaN,NaN,NaN
351.497,455,2287,276100,42.2746,-83.7442,41.19,NaN,NaN,NaN,11.00,NaN,0.15,150,750,-36.5,65.7317,374.5,NaN,NaN,NaN,NaN
351.497,455,2287,276400,42.2746,-83.7442,41.19,NaN,NaN,NaN,11.00,NaN,0.15,150,750,-36.5,65.122,374.5,NaN,NaN,NaN,NaN
351.497,455,2287,276900,42.2746,-83.7442,42.28,NaN,NaN,NaN,11.00,NaN,0.2,200,750,-36.5,65.122,375,NaN,NaN,NaN,NaN
351.497,455,2287,277000,42.2749,-83.7442,42.28,NaN,NaN,NaN,11.00,NaN,0.2,200,750,-36.5,65.122,375,NaN,NaN,NaN,NaN
351.497,455,2287,278000,42.2749,-83.7442,43.35,NaN,NaN,NaN,11.00,NaN,0.2,200,750,-36.5,65.122,375,NaN,NaN,NaN,NaN
351.497,455,2287,278200,42.2749,-83.7442,43.35,NaN,NaN,NaN,11.00,NaN,0.2,200,750,-42,65.122,375,NaN,NaN,NaN,NaN
351.497,455,2287,279000,42.2749,-83.7442,44.39,NaN,NaN,NaN,11.00,NaN,0.2,200,750,-42,65.122,375,NaN,NaN,NaN,NaN
351.497,455,2287,279200,42.2749,-83.7442,44.39,NaN,NaN,NaN,11.00,NaN,0.2,200,750,-21.5,65.122,375,NaN,NaN,NaN,NaN
351.497,455,2287,280000,42.2752,-83.7442,45.01,NaN,NaN,NaN,11.00,NaN,0.2,200,750,-21.5,65.122,375,NaN,NaN,NaN,NaN
351.497,455,2287,280300,42.2752,-83.7442,45.01,NaN,NaN,NaN,11.00,NaN,0.2,200,750,-28,65.122,375,NaN,NaN,NaN,NaN
351.497,455,2287,281100,42.2752,-83.7442,44.74,NaN,NaN,NaN,11.00,NaN,0.2,200,750,-28,65.122,375,NaN,NaN,NaN,NaN
351.497,455,2287,281300,42.2752,-83.7442,44.74,NaN,NaN,NaN,11.00,NaN,0.2,200,750,-2,65.122,375,NaN,NaN,NaN,NaN
351.497,455,2287,282000,42.2752,-83.7442,44.74,NaN,NaN,NaN,11.00,NaN,0.2,200,750,-2,65.122,377.5,NaN,NaN,NaN,NaN
351.497,455,2287,282100,42.2752,-83.7442,45.5,NaN,NaN,NaN,11.00,NaN,0.2,200,750,-2,65.122,377.5,NaN,NaN,NaN,NaN
351.497,455,2287,282400,42.2752,-83.7442,45.5,NaN,NaN,NaN,11.00,NaN,0.2,200,750,-28,65.122,377.5,NaN,NaN,NaN,NaN
351.497,455,2287,283000,42.2755,-83.7442,45.5,NaN,NaN,NaN,11.00,NaN,0.2,200,750,-28,65.122,377.5,NaN,NaN,NaN,NaN
351.497,455,2287,283200,42.2755,-83.7442,45.49,NaN,NaN,NaN,11.00,NaN,0.2,200,750,-28,65.122,377.5,NaN,NaN,NaN,NaN
351.497,455,2287,283400,42.2755,-83.7442,45.49,NaN,NaN,NaN,11.00,NaN,0.2,200,750,-19.5,65.122,377.5,NaN,NaN,NaN,NaN
351.497,455,2287,284200,42.2755,-83.7442,44.25,NaN,NaN,NaN,11.00,NaN,0.2,200,750,-19.5,65.122,377.5,NaN,NaN,NaN,NaN
351.497,455,2287,284400,42.2755,-83.7442,44.25,NaN,NaN,NaN,11.00,NaN,0.2,200,750,17,65.122,377.5,NaN,NaN,NaN,NaN
351.497,455,2287,285200,42.2755,-83.7442,43.31,NaN,NaN,NaN,11.00,NaN,0.2,200,750,17,65.122,377.5,NaN,NaN,NaN,NaN
351.497,455,2287,285500,42.2755,-83.7442,43.31,NaN,NaN,NaN,11.00,NaN,0.2,200,750,19.5,65.122,377.5,NaN,NaN,NaN,NaN
351.497,455,2287,285900,42.2758,-83.7442,43.31,NaN,NaN,NaN,11.00,NaN,0.2,200,750,19.5,65.122,377.5,NaN,NaN,NaN,NaN
351.497,455,2287,286300,42.2758,-83.7442,42.4,NaN,NaN,NaN,11.00,NaN,0.2,200,750,19.5,65.122,377.5,NaN,NaN,NaN,NaN
351.497,455,2287,286500,42.2758,-83.7442,42.4,NaN,NaN,NaN,11.00,NaN,0.2,200,750,15,65.122,377.5,NaN,NaN,NaN,NaN
351.497,455,2287,287000,42.2758,-83.7442,42.4,NaN,NaN,NaN,11.00,NaN,0.2,200,750,15,65.122,381,NaN,NaN,NaN,NaN
351.497,455,2287,287300,42.2758,-83.7442,43.79,NaN,NaN,NaN,11.00,NaN,0.2,200,750,15,65.122,381,NaN,NaN,NaN,NaN
351.497,455,2287,287600,42.2758,-83.7442,43.79,NaN,NaN,NaN,11.00,NaN,0.2,200,750,-36.5,65.122,381,NaN,NaN,NaN,NaN
351.497,455,2287,288400,42.2758,-83.7442,44.54,NaN,NaN,NaN,11.00,NaN,0.2,200,750,-36.5,65.122,381,NaN,NaN,NaN,NaN
351.497,455,2287,288600,42.2758,-83.7442,44.54,NaN,NaN,NaN,11.00,NaN,0.2,200,750,-26.5,65.122,381,NaN,NaN,NaN,NaN
351.497,455,2287,288900,42.2763,-83.7441,44.54,NaN,NaN,NaN,11.00,NaN,0.2,200,750,-26.5,65.122,381,NaN,NaN,NaN,NaN
351.497,455,2287,289400,42.2763,-83.7441,43.81,NaN,NaN,NaN,11.00,NaN,0.2,200,750,-26.5,65.122,381,NaN,NaN,NaN,NaN
351.497,455,2287,289700,42.2763,-83.7441,43.81,NaN,NaN,NaN,11.00,NaN,0.2,200,750,7,65.122,381,NaN,NaN,NaN,NaN
351.497,455,2287,290500,42.2763,-83.7441,43.21,NaN,NaN,NaN,11.00,NaN,0.2,200,750,7,65.122,381,NaN,NaN,NaN,NaN
351.497,455,2287,290800,42.2763,-83.7441,43.21,NaN,NaN,NaN,11.00,NaN,0.2,200,750,-16,65.122,381,NaN,NaN,NaN,NaN
351.497,455,2287,291600,42.2763,-83.7441,43.37,NaN,NaN,NaN,11.00,NaN,0.2,200,750,-16,65.122,381,NaN,NaN,NaN,NaN
351.497,455,2287,292000,42.2768,-83.7439,43.37,NaN,NaN,NaN,11.00,NaN,0.2,200,750,-16,65.122,381,NaN,NaN,NaN,NaN
351.497,455,2287,292100,42.2768,-83.7439,43.37,NaN,NaN,NaN,11.00,NaN,0.2,200,750,-16,65.122,378,NaN,NaN,NaN,NaN
351.497,455,2287,292700,42.2768,-83.7439,43.98,NaN,NaN,NaN,11.00,NaN,0.2,200,750,-16,65.122,378,NaN,NaN,NaN,NaN
351.497,455,2287,292900,42.2768,-83.7439,43.98,NaN,NaN,NaN,11.00,NaN,0.2,200,750,-17,65.122,378,NaN,NaN,NaN,NaN
351.497,455,2287,293700,42.2768,-83.7439,42.69,NaN,NaN,NaN,11.00,NaN,0.2,200,750,-17,65.122,378,NaN,NaN,NaN,NaN
351.497,455,2287,293900,42.2768,-83.7439,42.69,NaN,NaN,NaN,11.00,NaN,0.2,200,750,20.5,65.122,378,NaN,NaN,NaN,NaN
351.497,455,2287,294700,42.2768,-83.7439,40.92,NaN,NaN,NaN,11.00,NaN,0.2,200,750,20.5,65.122,378,NaN,NaN,NaN,NaN
351.497,455,2287,295000,42.2771,-83.744,40.92,NaN,NaN,NaN,11.00,NaN,0.2,200,750,0,65.122,378,NaN,NaN,NaN,NaN
351.497,455,2287,295800,42.2771,-83.744,40.27,NaN,NaN,NaN,11.00,NaN,0.2,200,750,0,65.122,378,NaN,NaN,NaN,NaN
351.497,455,2287,296000,42.2771,-83.744,40.27,NaN,NaN,NaN,11.00,NaN,0.2,200,750,17.5,65.122,378,NaN,NaN,NaN,NaN
351.497,455,2287,296800,42.2771,-83.744,38.42,NaN,NaN,NaN,11.00,NaN,0.2,200,750,17.5,65.122,378,NaN,NaN,NaN,NaN
351.497,455,2287,297100,42.2771,-83.744,38.42,NaN,NaN,NaN,11.00,NaN,0.2,200,750,17.5,65.122,381.5,NaN,NaN,NaN,NaN
351.497,455,2287,297800,42.2771,-83.744,36.34,NaN,NaN,NaN,11.00,NaN,0.2,200,750,17.5,65.122,381.5,NaN,NaN,NaN,NaN
351.497,455,2287,298000,42.2774,-83.744,36.34,NaN,NaN,NaN,11.00,NaN,0.2,200,750,17.5,65.122,381.5,NaN,NaN,NaN,NaN
351.497,455,2287,298100,42.2774,-83.744,36.34,NaN,NaN,NaN,11.00,NaN,0.2,200,750,15.5,65.122,381.5,NaN,NaN,NaN,NaN
351.497,455,2287,298900,42.2774,-83.744,34.37,NaN,NaN,NaN,11.00,NaN,0.2,200,750,15.5,65.122,381.5,NaN,NaN,NaN,NaN
351.497,455,2287,299100,42.2774,-83.744,34.37,NaN,NaN,NaN,11.00,NaN,0.2,200,750,15,65.122,381.5,NaN,NaN,NaN,NaN
351.497,455,2287,299900,42.2774,-83.744,30.39,NaN,NaN,NaN,11.00,NaN,0.2,200,750,15,65.122,381.5,NaN,NaN,NaN,NaN
351.497,455,2287,300200,42.2774,-83.744,30.39,NaN,NaN,NaN,11.00,NaN,0.2,200,750,13,65.122,381.5,NaN,NaN,NaN,NaN
351.497,455,2287,300900,42.2776,-83.744,30.39,NaN,NaN,NaN,11.00,NaN,0.2,200,750,13,65.122,381.5,NaN,NaN,NaN,NaN
351.497,455,2287,301000,42.2776,-83.744,28.33,NaN,NaN,NaN,11.00,NaN,0.2,200,750,13,65.122,381.5,NaN,NaN,NaN,NaN
351.497,455,2287,301200,42.2776,-83.744,28.33,NaN,NaN,NaN,11.00,NaN,0.2,200,750,14,65.122,381.5,NaN,NaN,NaN,NaN
351.497,455,2287,302000,42.2776,-83.744,26.31,NaN,NaN,NaN,11.00,NaN,0.2,200,750,14,65.122,381.5,NaN,NaN,NaN,NaN
351.497,455,2287,302200,42.2776,-83.744,26.31,NaN,NaN,NaN,11.00,NaN,0.2,200,750,11,65.122,381.5,NaN,NaN,NaN,NaN
351.497,455,2287,303000,42.2776,-83.744,23.07,NaN,NaN,NaN,11.00,NaN,0.2,200,750,11,65.122,381.5,NaN,NaN,NaN,NaN
351.497,455,2287,303300,42.2776,-83.744,23.07,NaN,NaN,NaN,11.00,NaN,0.2,200,750,10.5,65.122,381.5,NaN,NaN,NaN,NaN
351.497,455,2287,304100,42.2776,-83.744,17.85,NaN,NaN,NaN,11.00,NaN,0.2,200,750,10.5,65.122,381.5,NaN,NaN,NaN,NaN
351.497,455,2287,304300,42.2776,-83.744,17.85,NaN,NaN,NaN,11.00,NaN,0.2,200,750,10,65.122,381.5,NaN,NaN,NaN,NaN
351.497,455,2287,304900,42.2777,-83.744,17.85,NaN,NaN,NaN,11.00,NaN,0.2,200,750,10,65.122,381.5,NaN,NaN,NaN,NaN
351.497,455,2287,305100,42.2777,-83.744,12.35,NaN,NaN,NaN,11.00,NaN,0.2,200,750,10,65.122,381.5,NaN,NaN,NaN,NaN
351.497,455,2287,305400,42.2777,-83.744,12.35,NaN,NaN,NaN,11.00,NaN,0.2,200,750,14.5,65.122,381.5,NaN,NaN,NaN,NaN
351.497,455,2287,306200,42.2777,-83.744,7.05,NaN,NaN,NaN,11.00,NaN,0.2,200,750,14.5,65.122,381.5,NaN,NaN,NaN,NaN
351.497,455,2287,306400,42.2777,-83.744,7.05,NaN,NaN,NaN,11.00,NaN,0.2,200,750,5.5,65.122,381.5,NaN,NaN,NaN,NaN
351.497,455,2287,306700,42.2777,-83.744,7.05,NaN,NaN,NaN,11.00,NaN,0.2,200,750,5.5,65.122,381.5,NaN,NaN,NaN,NaN
351.497,455,2287,307200,42.2777,-83.744,2.87,NaN,NaN,NaN,11.00,NaN,0.2,200,750,5.5,65.122,381,NaN,NaN,NaN,NaN
351.497,455,2287,307400,42.2777,-83.744,2.87,NaN,NaN,NaN,11.00,NaN,0.2,200,750,-3,65.122,381,NaN,NaN,NaN,NaN
351.497,455,2287,308400,42.2777,-83.744,0,NaN,NaN,NaN,11.00,NaN,0.2,200,750,-3,65.122,381,NaN,NaN,NaN,NaN
351.497,455,2287,308500,42.2777,-83.744,0,NaN,NaN,NaN,11.00,NaN,0.2,200,750,-3,65.122,380,NaN,NaN,NaN,NaN
351.497,455,2287,308600,42.2777,-83.744,0,NaN,NaN,NaN,11.00,NaN,0.2,200,750,-5,65.122,380,NaN,NaN,NaN,NaN
351.497,455,2287,309000,42.2777,-83.744,0,NaN,NaN,NaN,11.00,NaN,0.2,200,1000,-5,65.122,380,NaN,NaN,NaN,NaN
351.497,455,2287,311700,42.2777,-83.744,0,NaN,NaN,NaN,11.00,NaN,0.2,200,1000,-4.5,65.122,380,NaN,NaN,NaN,NaN
351.497,455,2287,312700,42.2777,-83.744,0,NaN,NaN,NaN,11.00,NaN,0.2,200,1000,-5,65.122,380,NaN,NaN,NaN,NaN
351.497,455,2287,315800,42.2777,-83.744,0,NaN,NaN,NaN,11.00,NaN,0.2,200,1000,-4.5,65.122,380,NaN,NaN,NaN,NaN
351.497,455,2287,320000,42.2777,-83.744,0,NaN,NaN,NaN,11.00,NaN,0.2,200,1000,-7.5,65.122,380,NaN,NaN,NaN,NaN
351.497,455,2287,320900,42.2777,-83.7442,0,NaN,NaN,NaN,11.00,NaN,0.2,200,1000,-7.5,65.122,380,NaN,NaN,NaN,NaN
351.497,455,2287,321500,42.2777,-83.7442,6.23,NaN,NaN,NaN,11.00,NaN,0.2,200,1000,-7.5,65.122,378,NaN,NaN,NaN,NaN
351.497,455,2287,321600,42.2777,-83.7442,6.23,NaN,NaN,NaN,11.00,NaN,0.2,200,1000,-34,65.122,378,NaN,NaN,NaN,NaN
351.497,455,2287,322500,42.2777,-83.7442,12.38,NaN,NaN,NaN,11.00,NaN,0.2,200,1000,-34,65.122,378,NaN,NaN,NaN,NaN
351.497,455,2287,323500,42.2777,-83.7442,18.41,NaN,NaN,NaN,11.00,NaN,0.2,200,1000,-34,65.122,378,NaN,NaN,NaN,NaN
351.497,455,2287,323600,42.2777,-83.7442,18.41,NaN,NaN,NaN,11.00,NaN,0.2,200,1000,-49,65.122,378,NaN,NaN,NaN,NaN
351.497,455,2287,323900,42.2778,-83.7442,18.41,NaN,NaN,NaN,11.00,NaN,0.2,200,1000,-49,65.122,378,NaN,NaN,NaN,NaN
351.497,455,2287,324600,42.2778,-83.7442,24.16,NaN,NaN,NaN,11.00,NaN,0.2,200,1000,-49,65.122,378,NaN,NaN,NaN,NaN
351.497,455,2287,324700,42.2778,-83.7442,24.16,NaN,NaN,NaN,11.00,NaN,0.2,200,1000,-61,65.122,378,NaN,NaN,NaN,NaN
351.497,455,2287,325700,42.2778,-83.7442,28.3,NaN,NaN,NaN,11.00,NaN,0.2,200,1000,-61,65.122,378,NaN,NaN,NaN,NaN
351.497,455,2287,325800,42.2778,-83.7442,28.3,NaN,NaN,NaN,11.00,NaN,0.2,200,1000,-54.5,65.122,378,NaN,NaN,NaN,NaN
351.497,455,2287,326500,42.2778,-83.7442,28.3,NaN,NaN,NaN,11.00,NaN,0.2,200,1000,-54.5,65.122,374.5,NaN,NaN,NaN,NaN
351.497,455,2287,326800,42.2778,-83.7442,32.83,NaN,NaN,NaN,11.00,NaN,0.2,200,1000,-54.5,65.122,374.5,NaN,NaN,NaN,NaN
351.497,455,2287,326900,42.2779,-83.7441,32.83,NaN,NaN,NaN,11.00,NaN,0.2,200,1000,-62,65.122,374.5,NaN,NaN,NaN,NaN
351.497,455,2287,327800,42.2779,-83.7441,36.82,NaN,NaN,NaN,11.00,NaN,0.2,200,1000,-62,65.122,374.5,NaN,NaN,NaN,NaN
351.497,455,2287,328000,42.2779,-83.7441,36.82,NaN,NaN,NaN,11.00,NaN,0.2,200,1000,-59.5,65.122,374.5,NaN,NaN,NaN,NaN
351.497,455,2287,328800,42.2779,-83.7441,39.49,NaN,NaN,NaN,11.00,NaN,0.2,200,1000,-59.5,65.122,374.5,NaN,NaN,NaN,NaN
351.497,455,2287,329000,42.2779,-83.7441,39.49,NaN,NaN,NaN,11.00,NaN,0.2,200,1000,-49,65.122,374.5,NaN,NaN,NaN,NaN
351.497,455,2287,329900,42.2781,-83.7441,41.04,NaN,NaN,NaN,11.00,NaN,0.2,200,1000,-49,65.122,374.5,NaN,NaN,NaN,NaN
351.497,455,2287,330000,42.2781,-83.7441,41.04,NaN,NaN,NaN,11.00,NaN,0.2,200,1000,-11,65.122,374.5,NaN,NaN,NaN,NaN
351.497,455,2287,330900,42.2781,-83.7441,40.3,NaN,NaN,NaN,11.00,NaN,0.2,200,1000,-11,65.122,374.5,NaN,NaN,NaN,NaN
351.497,455,2287,331100,42.2781,-83.7441,40.3,NaN,NaN,NaN,11.00,NaN,0.2,200,1000,-7,65.122,374.5,NaN,NaN,NaN,NaN
351.497,455,2287,331600,42.2781,-83.7441,40.3,NaN,NaN,NaN,11.00,NaN,0.2,200,1000,-7,65.122,379,NaN,NaN,NaN,NaN
351.497,455,2287,332000,42.2781,-83.7441,39.29,NaN,NaN,NaN,11.00,NaN,0.2,200,1000,-7,65.122,379,NaN,NaN,NaN,NaN
351.497,455,2287,332100,42.2781,-83.7441,39.29,NaN,NaN,NaN,11.00,NaN,0.2,200,1000,16,65.122,379,NaN,NaN,NaN,NaN
351.497,455,2287,332900,42.2784,-83.7441,39.29,NaN,NaN,NaN,11.00,NaN,0.2,200,1000,16,65.122,379,NaN,NaN,NaN,NaN
351.497,455,2287,333000,42.2784,-83.7441,36.42,NaN,NaN,NaN,11.00,NaN,0.2,200,1000,16,65.122,379,NaN,NaN,NaN,NaN
351.497,455,2287,333200,42.2784,-83.7441,36.42,NaN,NaN,NaN,11.00,NaN,0.2,200,1000,4.5,65.122,379,NaN,NaN,NaN,NaN
351.497,455,2287,334000,42.2784,-83.7441,34.55,NaN,NaN,NaN,11.00,NaN,0.2,200,1000,4.5,65.122,379,NaN,NaN,NaN,NaN
351.497,455,2287,334200,42.2784,-83.7441,34.55,NaN,NaN,NaN,11.00,NaN,0.2,200,1000,15,65.122,379,NaN,NaN,NaN,NaN
351.497,455,2287,335100,42.2784,-83.7441,32.3,NaN,NaN,NaN,11.00,NaN,0.2,200,1000,15,65.122,379,NaN,NaN,NaN,NaN
351.497,455,2287,335200,42.2784,-83.7441,32.3,NaN,NaN,NaN,11.00,NaN,0.2,200,1000,15.5,65.122,379,NaN,NaN,NaN,NaN
351.497,455,2287,336000,42.2787,-83.7441,32.3,NaN,NaN,NaN,11.00,NaN,0.2,200,1000,15.5,65.122,379,NaN,NaN,NaN,NaN
351.497,455,2287,336100,42.2787,-83.7441,30.49,NaN,NaN,NaN,11.00,NaN,0.2,200,1000,15.5,65.122,379,NaN,NaN,NaN,NaN
351.497,455,2287,336300,42.2787,-83.7441,30.49,NaN,NaN,NaN,11.00,NaN,0.2,200,1000,12.5,65.122,379,NaN,NaN,NaN,NaN
351.497,455,2287,336600,42.2787,-83.7441,30.49,NaN,NaN,NaN,11.00,NaN,0.2,200,1000,12.5,65.122,381.5,NaN,NaN,NaN,NaN
351.497,455,2287,337200,42.2787,-83.7441,30.09,NaN,NaN,NaN,11.00,NaN,0.2,200,1000,12.5,65.122,381.5,NaN,NaN,NaN,NaN
351.497,455,2287,337300,42.2787,-83.7441,30.09,NaN,NaN,NaN,11.00,NaN,0.2,200,1000,-4.5,65.122,381.5,NaN,NaN,NaN,NaN
351.497,455,2287,338200,42.2787,-83.7441,28.33,NaN,NaN,NaN,11.00,NaN,0.2,200,1000,-4.5,65.122,381.5,NaN,NaN,NaN,NaN
351.497,455,2287,338400,42.2787,-83.7441,28.33,NaN,NaN,NaN,11.00,NaN,0.2,200,1000,10.5,65.122,381.5,NaN,NaN,NaN,NaN
351.497,455,2287,339000,42.2789,-83.7441,28.33,NaN,NaN,NaN,11.00,NaN,0.2,200,1000,10.5,65.122,381.5,NaN,NaN,NaN,NaN
351.497,455,2287,339200,42.2789,-83.7441,26.37,NaN,NaN,NaN,11.00,NaN,0.2,200,1000,10.5,65.122,381.5,NaN,NaN,NaN,NaN
351.497,455,2287,339400,42.2789,-83.7441,26.37,NaN,NaN,NaN,11.00,NaN,0.2,200,1000,12.5,65.122,381.5,NaN,NaN,NaN,NaN
351.497,455,2287,340300,42.2789,-83.7441,21.22,NaN,NaN,NaN,11.00,NaN,0.2,200,1000,12.5,65.122,381.5,NaN,NaN,NaN,NaN
351.497,455,2287,340400,42.2789,-83.7441,21.22,NaN,NaN,NaN,11.00,NaN,0.2,200,1000,15.5,65.122,381.5,NaN,NaN,NaN,NaN
351.497,455,2287,341300,42.2789,-83.7441,14.3,NaN,NaN,NaN,11.00,NaN,0.2,200,1000,15.5,65.122,381.5,NaN,NaN,NaN,NaN
351.497,455,2287,341500,42.2789,-83.7441,14.3,NaN,NaN,NaN,11.00,NaN,0.2,200,1000,32,65.122,381.5,NaN,NaN,NaN,NaN
351.497,455,2287,341600,42.2789,-83.7441,14.3,NaN,NaN,NaN,11.00,NaN,0.2,200,1000,32,65.122,383.5,NaN,NaN,NaN,NaN
351.497,455,2287,341900,42.279,-83.7441,14.3,NaN,NaN,NaN,11.00,NaN,0.2,200,1000,32,65.122,383.5,NaN,NaN,NaN,NaN
351.497,455,2287,342400,42.279,-83.7441,6.41,NaN,NaN,NaN,11.00,NaN,0.2,200,1000,32,65.122,383.5,NaN,NaN,NaN,NaN
351.497,455,2287,342500,42.279,-83.7441,6.41,NaN,NaN,NaN,11.00,NaN,0.2,200,1000,13,65.122,383.5,NaN,NaN,NaN,NaN
351.497,455,2287,343500,42.279,-83.7441,0,NaN,NaN,NaN,11.00,NaN,0.2,200,1000,13,65,383.5,NaN,NaN,NaN,NaN
351.497,455,2287,343600,42.279,-83.7441,0,NaN,NaN,NaN,11.00,NaN,0.2,200,1000,-4,65,380.5,NaN,NaN,NaN,NaN
351.497,455,2287,344000,42.279,-83.7441,0,NaN,NaN,NaN,11.00,NaN,0.0,0,1000,-4,65,380.5,NaN,NaN,NaN,NaN
351.497,455,2287,344700,42.279,-83.7441,0,NaN,NaN,NaN,11.00,NaN,0.0,0,1000,-4.5,65,380.5,NaN,NaN,NaN,NaN
351.497,455,2287,346800,42.279,-83.7441,0,NaN,NaN,NaN,11.00,NaN,0.0,0,1000,-5,65,380.5,NaN,NaN,NaN,NaN
351.497,455,2287,348600,42.279,-83.7441,0,NaN,NaN,NaN,11.00,NaN,0.0,0,1000,-5,65,380,NaN,NaN,NaN,NaN
351.497,455,2287,348800,42.279,-83.7441,0,NaN,NaN,NaN,11.00,NaN,0.0,0,1000,-3.5,65,380,NaN,NaN,NaN,NaN
351.497,455,2287,349900,42.279,-83.7441,0,NaN,NaN,NaN,11.00,NaN,0.0,0,1000,-4.5,65,380,NaN,NaN,NaN,NaN
351.497,455,2287,350900,42.279,-83.7441,0,NaN,NaN,NaN,11.00,NaN,0.0,0,1000,-4,65,380,NaN,NaN,NaN,NaN
351.497,455,2287,352000,42.279,-83.7441,0,NaN,NaN,NaN,11.00,NaN,0.0,0,1000,-6.5,65,380,NaN,NaN,NaN,NaN
351.497,455,2287,353000,42.279,-83.7441,0,NaN,NaN,NaN,11.00,NaN,0.0,0,1000,-5,65,380,NaN,NaN,NaN,NaN
351.497,455,2287,354000,42.279,-83.7441,0,NaN,NaN,NaN,11.00,NaN,0.0,0,1000,-5.5,65,380,NaN,NaN,NaN,NaN
351.497,455,2287,355100,42.279,-83.7441,0,NaN,NaN,NaN,11.00,NaN,0.0,0,1000,-4,65,380,NaN,NaN,NaN,NaN
351.497,455,2287,356100,42.279,-83.7441,0,NaN,NaN,NaN,11.00,NaN,0.0,0,1000,-4.5,65,380,NaN,NaN,NaN,NaN
351.497,455,2287,357200,42.279,-83.7441,0,NaN,NaN,NaN,11.00,NaN,0.0,0,1000,-5,65,380,NaN,NaN,NaN,NaN
351.497,455,2287,358200,42.279,-83.7441,0,NaN,NaN,NaN,11.00,NaN,0.0,0,1000,-3.5,65,380,NaN,NaN,NaN,NaN
351.497,455,2287,359300,42.279,-83.7441,0,NaN,NaN,NaN,11.00,NaN,0.0,0,1000,-5.5,65,380,NaN,NaN,NaN,NaN
351.497,455,2287,360400,42.279,-83.7441,0,NaN,NaN,NaN,11.00,NaN,0.0,0,1000,-4,65,380,NaN,NaN,NaN,NaN
351.497,455,2287,361400,42.279,-83.7441,0,NaN,NaN,NaN,11.00,NaN,0.0,0,1000,-5,65,380,NaN,NaN,NaN,NaN
351.497,455,2287,362500,42.279,-83.7441,0,NaN,NaN,NaN,11.00,NaN,0.0,0,1000,-3.5,65,380,NaN,NaN,NaN,NaN
351.497,455,2287,363500,42.279,-83.7441,0,NaN,NaN,NaN,11.00,NaN,0.0,0,1000,-5.5,65,380,NaN,NaN,NaN,NaN
351.497,455,2287,364600,42.279,-83.7441,0,NaN,NaN,NaN,11.00,NaN,0.0,0,1000,-4,65,380,NaN,NaN,NaN,NaN
351.497,455,2287,365600,42.279,-83.7441,0,NaN,NaN,NaN,11.00,NaN,0.0,0,1000,-5.5,65,380,NaN,NaN,NaN,NaN
351.497,455,2287,366600,42.279,-83.7441,0,NaN,NaN,NaN,11.00,NaN,0.0,0,1000,-5,65,380,NaN,NaN,NaN,NaN
351.497,455,2287,367700,42.279,-83.7441,0,NaN,NaN,NaN,11.00,NaN,0.0,0,1000,-5.5,65,380,NaN,NaN,NaN,NaN
351.497,455,2287,368700,42.279,-83.7441,0,NaN,NaN,NaN,11.00,NaN,0.0,0,1000,-6,65,380,NaN,NaN,NaN,NaN
351.497,455,2287,369000,42.279,-83.7442,0,NaN,NaN,NaN,11.00,NaN,0.0,0,1000,-6,65,380,NaN,NaN,NaN,NaN
351.497,455,2287,369500,42.279,-83.7442,4.31,NaN,NaN,NaN,11.00,NaN,0.0,0,1000,-6,64.8781,380,NaN,NaN,NaN,NaN
351.497,455,2287,369700,42.279,-83.7442,4.31,NaN,NaN,NaN,11.00,NaN,0.0,0,1000,-20,64.8781,380,NaN,NaN,NaN,NaN
351.497,455,2287,369900,42.279,-83.7442,4.31,NaN,NaN,NaN,10.50,NaN,0.0,0,1000,-20,64.8781,380,NaN,NaN,NaN,NaN
351.497,455,2287,370100,42.279,-83.7442,4.31,NaN,NaN,NaN,10.50,NaN,0.2,200,1000,-20,64.8781,380,NaN,NaN,NaN,NaN
351.497,455,2287,370600,42.279,-83.7442,8.29,NaN,NaN,NaN,10.50,NaN,0.2,200,1000,-20,64.8781,380,NaN,NaN,NaN,NaN
351.497,455,2287,371600,42.279,-83.7442,12.38,NaN,NaN,NaN,10.50,NaN,0.2,200,1000,-20,64.8781,380,NaN,NaN,NaN,NaN
351.497,455,2287,371800,42.279,-83.7442,12.38,NaN,NaN,NaN,10.50,NaN,0.2,200,1000,-28,64.8781,380,NaN,NaN,NaN,NaN
351.497,455,2287,372000,42.2791,-83.7442,12.38,NaN,NaN,NaN,10.50,NaN,0.2,200,1000,-28,64.8781,380,NaN,NaN,NaN,NaN
351.497,455,2287,372600,42.2791,-83.7442,15.61,NaN,NaN,NaN,10.50,NaN,0.2,200,1000,-28,64.8781,380,NaN,NaN,NaN,NaN
351.497,455,2287,372800,42.2791,-83.7442,15.61,NaN,NaN,NaN,10.50,NaN,0.2,200,1000,-26,64.8781,380,NaN,NaN,NaN,NaN
351.497,455,2287,373700,42.2791,-83.7442,14.32,NaN,NaN,NaN,10.50,NaN,0.2,200,1000,-26,64.8781,380,NaN,NaN,NaN,NaN
351.497,455,2287,373800,42.2791,-83.7442,14.32,NaN,NaN,NaN,10.50,NaN,0.2,200,1000,0.5,64.8781,380,NaN,NaN,NaN,NaN
351.497,455,2287,374600,42.2791,-83.7442,14.32,NaN,NaN,NaN,10.50,NaN,0.2,200,1000,0.5,64.8781,380.5,NaN,NaN,NaN,NaN
351.497,455,2287,374700,42.2791,-83.7442,9.37,NaN,NaN,NaN,10.50,NaN,0.2,200,1000,0.5,64.8781,380.5,NaN,NaN,NaN,NaN
351.497,455,2287,374900,42.2792,-83.7442,9.37,NaN,NaN,NaN,10.50,NaN,0.2,200,1000,1,64.8781,380.5,NaN,NaN,NaN,NaN
351.497,455,2287,375800,42.2792,-83.7442,4.13,NaN,NaN,NaN,10.50,NaN,0.2,200,1000,1,64.8781,380.5,NaN,NaN,NaN,NaN
351.497,455,2287,375900,42.2792,-83.7442,4.13,NaN,NaN,NaN,10.50,NaN,0.2,200,1000,-1,64.8781,380.5,NaN,NaN,NaN,NaN
351.497,455,2287,376600,42.2792,-83.7442,0,NaN,NaN,NaN,10.50,NaN,0.2,200,1000,-1,64.8781,380,NaN,NaN,NaN,NaN
351.497,455,2287,376700,42.2792,-83.7442,0,NaN,NaN,NaN,10.50,NaN,0.2,200,1000,-5.5,64.8781,380,NaN,NaN,NaN,NaN
351.497,455,2287,378800,42.2792,-83.7442,0,NaN,NaN,NaN,10.50,NaN,0.2,200,1000,-4,64.8781,380,NaN,NaN,NaN,NaN
351.497,455,2287,380900,42.2792,-83.7442,0,NaN,NaN,NaN,10.50,NaN,0.2,200,1000,-3,64.8781,380,NaN,NaN,NaN,NaN
351.497,455,2287,381900,42.2792,-83.7442,0,NaN,NaN,NaN,10.50,NaN,0.2,200,1000,-4.5,64.8781,380,NaN,NaN,NaN,NaN
351.497,455,2287,383000,42.2792,-83.7442,0,NaN,NaN,NaN,10.50,NaN,0.2,200,1000,-4,64.8781,380,NaN,NaN,NaN,NaN
351.497,455,2287,384000,42.2792,-83.7442,0,NaN,NaN,NaN,10.50,NaN,0.2,200,1000,-5,64.8781,380,NaN,NaN,NaN,NaN
351.497,455,2287,385000,42.2792,-83.7442,0,NaN,NaN,NaN,10.50,NaN,0.2,200,1000,-4,64.8781,380,NaN,NaN,NaN,NaN
351.497,455,2287,387100,42.2792,-83.7442,0,NaN,NaN,NaN,10.50,NaN,0.2,200,1000,-3,64.8781,380,NaN,NaN,NaN,NaN
351.497,455,2287,388200,42.2792,-83.7442,0,NaN,NaN,NaN,10.50,NaN,0.2,200,1000,-2.5,64.8781,380,NaN,NaN,NaN,NaN
351.497,455,2287,389200,42.2792,-83.7442,0,NaN,NaN,NaN,10.50,NaN,0.2,200,1000,-3.5,64.8781,380,NaN,NaN,NaN,NaN
351.497,455,2287,391300,42.2792,-83.7442,0,NaN,NaN,NaN,10.50,NaN,0.2,200,1000,-5,64.8781,380,NaN,NaN,NaN,NaN
351.497,455,2287,391800,42.2792,-83.7442,0,NaN,NaN,NaN,10.50,NaN,0.2,200,1000,-5,64.8781,380.5,NaN,NaN,NaN,NaN
351.497,455,2287,392300,42.2792,-83.7442,0,NaN,NaN,NaN,10.50,NaN,0.2,200,1000,-4,64.8781,380.5,NaN,NaN,NaN,NaN
351.497,455,2287,393400,42.2792,-83.7442,0,NaN,NaN,NaN,10.50,NaN,0.2,200,1000,-5,64.8781,380.5,NaN,NaN,NaN,NaN
351.497,455,2287,396600,42.2792,-83.7442,0,NaN,NaN,NaN,10.50,NaN,0.2,200,1000,-6,64.8781,380.5,NaN,NaN,NaN,NaN
351.497,455,2287,396800,42.2792,-83.7442,0,NaN,NaN,NaN,10.50,NaN,0.2,200,1000,-6,64.8781,380,NaN,NaN,NaN,NaN
351.497,455,2287,398700,42.2792,-83.7442,0,NaN,NaN,NaN,10.50,NaN,0.2,200,1000,-5,64.8781,380,NaN,NaN,NaN,NaN
351.497,455,2287,400800,42.2792,-83.7442,0,NaN,NaN,NaN,10.50,NaN,0.2,200,1000,-4,64.8781,380,NaN,NaN,NaN,NaN
351.497,455,2287,401800,42.2792,-83.7442,0,NaN,NaN,NaN,10.50,NaN,0.2,200,1000,-5.5,64.8781,380,NaN,NaN,NaN,NaN
351.497,455,2287,402800,42.2792,-83.7442,0,NaN,NaN,NaN,10.50,NaN,0.2,200,1000,-5,64.8781,380,NaN,NaN,NaN,NaN
351.497,455,2287,403900,42.2792,-83.7442,0,NaN,NaN,NaN,10.50,NaN,0.2,200,1000,-6.5,64.8781,380,NaN,NaN,NaN,NaN
351.497,455,2287,405000,42.2793,-83.7442,0,NaN,NaN,NaN,10.50,NaN,0.2,200,1000,-6.5,64.8781,380,NaN,NaN,NaN,NaN
351.497,455,2287,407000,42.2793,-83.7442,0,NaN,NaN,NaN,10.50,NaN,0.2,200,1000,-4.5,64.8781,380,NaN,NaN,NaN,NaN
351.497,455,2287,410100,42.2793,-83.7442,0,NaN,NaN,NaN,10.50,NaN,0.2,200,1000,-5.5,64.8781,380,NaN,NaN,NaN,NaN
351.497,455,2287,412200,42.2793,-83.7442,0,NaN,NaN,NaN,10.50,NaN,0.2,200,1000,-5,64.8781,380,NaN,NaN,NaN,NaN
351.497,455,2287,413200,42.2793,-83.7442,0,NaN,NaN,NaN,10.50,NaN,0.2,200,1000,-6,64.8781,380,NaN,NaN,NaN,NaN
351.497,455,2287,414300,42.2793,-83.7442,0,NaN,NaN,NaN,10.50,NaN,0.2,200,1000,-5,64.8781,380,NaN,NaN,NaN,NaN
351.497,455,2287,415300,42.2793,-83.7442,0,NaN,NaN,NaN,10.50,NaN,0.2,200,1000,-5.5,64.8781,380,NaN,NaN,NaN,NaN
351.497,455,2287,416400,42.2793,-83.7442,0,NaN,NaN,NaN,10.50,NaN,0.2,200,1000,-4,64.8781,380,NaN,NaN,NaN,NaN
351.497,455,2287,417000,42.2793,-83.7442,0,NaN,NaN,NaN,10.50,NaN,0.2,200,1000,-4,64.8781,380.5,NaN,NaN,NaN,NaN
351.497,455,2287,417400,42.2793,-83.7442,0,NaN,NaN,NaN,10.50,NaN,0.2,200,1000,-6,64.8781,380.5,NaN,NaN,NaN,NaN
351.497,455,2287,418400,42.2793,-83.7442,0,NaN,NaN,NaN,10.50,NaN,0.2,200,1000,-5,64.8781,380.5,NaN,NaN,NaN,NaN
351.497,455,2287,419500,42.2793,-83.7442,0,NaN,NaN,NaN,10.50,NaN,0.2,200,1000,-8.5,64.8781,380.5,NaN,NaN,NaN,NaN
351.497,455,2287,420500,42.2793,-83.7442,0,NaN,NaN,NaN,10.50,NaN,0.2,200,1000,-6.5,64.8781,380.5,NaN,NaN,NaN,NaN
351.497,455,2287,421000,42.2793,-83.7442,0,NaN,NaN,NaN,10.50,NaN,0.2,200,1000,-6.5,64.8781,380.5,NaN,NaN,NaN,NaN
351.497,455,2287,421600,42.2793,-83.7442,3.61,NaN,NaN,NaN,10.50,NaN,0.2,200,1000,-6.5,64.7561,379.5,NaN,NaN,NaN,NaN
351.497,455,2287,421700,42.2793,-83.7442,3.61,NaN,NaN,NaN,10.50,NaN,0.2,200,1000,-33,64.7561,379.5,NaN,NaN,NaN,NaN
351.497,455,2287,422000,42.2793,-83.7442,3.61,NaN,NaN,NaN,11.00,NaN,0.2,200,1000,-33,64.7561,379.5,NaN,NaN,NaN,NaN
351.497,455,2287,422600,42.2793,-83.7442,11.15,NaN,NaN,NaN,11.00,NaN,0.2,200,1000,-33,64.7561,379.5,NaN,NaN,NaN,NaN
351.497,455,2287,423600,42.2793,-83.7442,18.95,NaN,NaN,NaN,11.00,NaN,0.2,200,1000,-33,64.7561,379.5,NaN,NaN,NaN,NaN
351.497,455,2287,423800,42.2793,-83.7442,18.95,NaN,NaN,NaN,11.00,NaN,0.2,200,1000,-3,64.7561,379.5,NaN,NaN,NaN,NaN
351.497,455,2287,423900,42.2794,-83.7442,18.95,NaN,NaN,NaN,11.00,NaN,0.2,200,1000,-3,64.7561,379.5,NaN,NaN,NaN,NaN
351.497,455,2287,424700,42.2794,-83.7442,20.03,NaN,NaN,NaN,11.00,NaN,0.2,200,1000,-3,64.7561,379.5,NaN,NaN,NaN,NaN
351.497,455,2287,425700,42.2794,-83.7442,17.99,NaN,NaN,NaN,11.00,NaN,0.2,200,1000,-3,64.7561,379.5,NaN,NaN,NaN,NaN
351.497,455,2287,425900,42.2794,-83.7442,17.99,NaN,NaN,NaN,11.00,NaN,0.2,200,1000,-16.5,64.7561,379.5,NaN,NaN,NaN,NaN
351.497,455,2287,426700,42.2794,-83.7442,17.99,NaN,NaN,NaN,11.00,NaN,0.2,200,1000,-16.5,64.7561,381,NaN,NaN,NaN,NaN
351.497,455,2287,426800,42.2794,-83.7442,19.2,NaN,NaN,NaN,11.00,NaN,0.2,200,1000,-16.5,64.7561,381,NaN,NaN,NaN,NaN
351.497,455,2287,426900,42.2796,-83.7442,19.2,NaN,NaN,NaN,11.00,NaN,0.2,200,1000,-16.5,64.7561,381,NaN,NaN,NaN,NaN
351.497,455,2287,427800,42.2796,-83.7442,21.85,NaN,NaN,NaN,11.00,NaN,0.2,200,1000,-16.5,64.7561,381,NaN,NaN,NaN,NaN
351.497,455,2287,428000,42.2796,-83.7442,21.85,NaN,NaN,NaN,11.00,NaN,0.2,200,1000,-30,64.7561,381,NaN,NaN,NaN,NaN
351.497,455,2287,428900,42.2796,-83.7442,24.25,NaN,NaN,NaN,11.00,NaN,0.2,200,1000,-30,64.7561,381,NaN,NaN,NaN,NaN
351.497,455,2287,429000,42.2796,-83.7442,24.25,NaN,NaN,NaN,11.00,NaN,0.2,200,1000,-25.5,64.7561,381,NaN,NaN,NaN,NaN
351.497,455,2287,430000,42.2797,-83.7442,23.15,NaN,NaN,NaN,11.00,NaN,0.2,200,1000,-25.5,64.7561,381,NaN,NaN,NaN,NaN
351.497,455,2287,430100,42.2797,-83.7442,23.15,NaN,NaN,NaN,11.00,NaN,0.2,200,1000,9.5,64.7561,381,NaN,NaN,NaN,NaN
351.497,455,2287,431000,42.2797,-83.7442,21.1,NaN,NaN,NaN,11.00,NaN,0.2,200,1000,9.5,64.7561,381,NaN,NaN,NaN,NaN
351.497,455,2287,431200,42.2797,-83.7442,21.1,NaN,NaN,NaN,11.00,NaN,0.2,200,1000,8.5,64.7561,381,NaN,NaN,NaN,NaN
351.497,455,2287,432100,42.2797,-83.7442,19.65,NaN,NaN,NaN,11.00,NaN,0.2,200,1000,8.5,64.7561,381,NaN,NaN,NaN,NaN
351.497,455,2287,432200,42.2797,-83.7442,19.65,NaN,NaN,NaN,11.00,NaN,0.2,200,1000,0,64.7561,381,NaN,NaN,NaN,NaN
351.497,455,2287,432900,42.2798,-83.7442,19.65,NaN,NaN,NaN,11.00,NaN,0.2,200,1000,0,64.7561,381,NaN,NaN,NaN,NaN
351.497,455,2287,433200,42.2798,-83.7442,19.41,NaN,NaN,NaN,11.00,NaN,0.2,200,1000,0,64.7561,381,NaN,NaN,NaN,NaN
351.497,455,2287,433300,42.2798,-83.7442,19.41,NaN,NaN,NaN,11.00,NaN,0.2,200,1000,-6.5,64.7561,381,NaN,NaN,NaN,NaN
351.497,455,2287,434200,42.2798,-83.7442,21.68,NaN,NaN,NaN,11.00,NaN,0.2,200,1000,-6.5,64.7561,381,NaN,NaN,NaN,NaN
351.497,455,2287,434300,42.2798,-83.7442,21.68,NaN,NaN,NaN,11.00,NaN,0.2,200,1000,-17.5,64.7561,381,NaN,NaN,NaN,NaN
351.497,455,2287,435300,42.2798,-83.7442,24.68,NaN,NaN,NaN,11.00,NaN,0.2,200,1000,-17.5,64.7561,381,NaN,NaN,NaN,NaN
351.497,455,2287,435400,42.2798,-83.7442,24.68,NaN,NaN,NaN,11.00,NaN,0.2,200,1000,-35,64.7561,381,NaN,NaN,NaN,NaN
351.497,455,2287,436000,42.28,-83.7442,24.68,NaN,NaN,NaN,11.00,NaN,0.2,200,1000,-35,64.7561,381,NaN,NaN,NaN,NaN
351.497,455,2287,436300,42.28,-83.7442,25.62,NaN,NaN,NaN,11.00,NaN,0.2,200,1000,-35,64.7561,381,NaN,NaN,NaN,NaN
351.497,455,2287,436400,42.28,-83.7442,25.62,NaN,NaN,NaN,11.00,NaN,0.2,200,1000,-19,64.7561,381,NaN,NaN,NaN,NaN
351.497,455,2287,436800,42.28,-83.7442,25.62,NaN,NaN,NaN,11.00,NaN,0.2,200,1000,-19,64.7561,378,NaN,NaN,NaN,NaN
351.497,455,2287,437400,42.28,-83.7442,25.3,NaN,NaN,NaN,11.00,NaN,0.2,200,1000,-3,64.7561,378,NaN,NaN,NaN,NaN
351.497,455,2287,438400,42.28,-83.7442,25.72,NaN,NaN,NaN,11.00,NaN,0.2,200,1000,-3,64.7561,378,NaN,NaN,NaN,NaN
351.497,455,2287,438500,42.28,-83.7442,25.72,NaN,NaN,NaN,11.00,NaN,0.2,200,1000,-12.5,64.7561,378,NaN,NaN,NaN,NaN
351.497,455,2287,439000,42.2801,-83.7441,25.72,NaN,NaN,NaN,11.00,NaN,0.2,200,1000,-12.5,64.7561,378,NaN,NaN,NaN,NaN
351.497,455,2287,439400,42.2801,-83.7441,28.07,NaN,NaN,NaN,11.00,NaN,0.2,200,1000,-12.5,64.7561,378,NaN,NaN,NaN,NaN
351.497,455,2287,439500,42.2801,-83.7441,28.07,NaN,NaN,NaN,11.00,NaN,0.2,200,1000,-30.5,64.7561,378,NaN,NaN,NaN,NaN
351.497,455,2287,440500,42.2801,-83.7441,30.14,NaN,NaN,NaN,11.00,NaN,0.2,200,1000,-30.5,64.7561,378,NaN,NaN,NaN,NaN
351.497,455,2287,440600,42.2801,-83.7441,30.14,NaN,NaN,NaN,11.00,NaN,0.2,200,1000,-32,64.7561,378,NaN,NaN,NaN,NaN
351.497,455,2287,441500,42.2801,-83.7441,32.67,NaN,NaN,NaN,11.00,NaN,0.2,200,1000,-32,64.7561,378,NaN,NaN,NaN,NaN
351.497,455,2287,441600,42.2801,-83.7441,32.67,NaN,NaN,NaN,11.00,NaN,0.2,200,1000,-36.5,64.7561,378,NaN,NaN,NaN,NaN
351.497,455,2287,441800,42.2801,-83.7441,32.67,NaN,NaN,NaN,11.00,NaN,0.2,200,1000,-36.5,64.7561,376.5,NaN,NaN,NaN,NaN
351.497,455,2287,441900,42.2804,-83.7441,32.67,NaN,NaN,NaN,11.00,NaN,0.2,200,1000,-36.5,64.7561,376.5,NaN,NaN,NaN,NaN
351.497,455,2287,442600,42.2804,-83.7441,32.25,NaN,NaN,NaN,11.00,NaN,0.2,200,1000,12,64.7561,376.5,NaN,NaN,NaN,NaN
351.497,455,2287,443600,42.2804,-83.7441,26.35,NaN,NaN,NaN,11.00,NaN,0.2,200,1000,12,64.7561,376.5,NaN,NaN,NaN,NaN
351.497,455,2287,443700,42.2804,-83.7441,26.35,NaN,NaN,NaN,11.00,NaN,0.2,200,1000,31.5,64.7561,376.5,NaN,NaN,NaN,NaN
351.497,455,2287,444600,42.2804,-83.7441,20.87,NaN,NaN,NaN,11.00,NaN,0.2,200,1000,31.5,64.7561,376.5,NaN,NaN,NaN,NaN
351.497,455,2287,444700,42.2804,-83.7441,20.87,NaN,NaN,NaN,11.00,NaN,0.2,200,1000,9,64.7561,376.5,NaN,NaN,NaN,NaN
351.497,455,2287,445700,42.2804,-83.7441,20.37,NaN,NaN,NaN,11.00,NaN,0.2,200,1000,9,64.7561,376.5,NaN,NaN,NaN,NaN
351.497,455,2287,445800,42.2804,-83.7441,20.37,NaN,NaN,NaN,11.00,NaN,0.2,200,1000,-9,64.7561,376.5,NaN,NaN,NaN,NaN
351.497,455,2287,445900,42.2806,-83.7441,20.37,NaN,NaN,NaN,11.00,NaN,0.2,200,1000,-9,64.7561,376.5,NaN,NaN,NaN,NaN
351.497,455,2287,446700,42.2806,-83.7441,22.63,NaN,NaN,NaN,11.00,NaN,0.2,200,1000,-9,64.7561,376.5,NaN,NaN,NaN,NaN
351.497,455,2287,446800,42.2806,-83.7441,22.63,NaN,NaN,NaN,11.00,NaN,0.2,200,1000,-17.5,64.7561,376.5,NaN,NaN,NaN,NaN
351.497,455,2287,446900,42.2806,-83.7441,22.63,NaN,NaN,NaN,11.00,NaN,0.2,200,1000,-17.5,64.7561,378.5,NaN,NaN,NaN,NaN
351.497,455,2287,447800,42.2806,-83.7441,25,NaN,NaN,NaN,11.00,NaN,0.2,200,1000,-21,64.7561,378.5,NaN,NaN,NaN,NaN
351.497,455,2287,448000,42.2807,-83.7441,25,NaN,NaN,NaN,11.00,NaN,0.2,200,1000,-21,64.7561,378.5,NaN,NaN,NaN,NaN
351.497,455,2287,448800,42.2807,-83.7441,27.33,NaN,NaN,NaN,11.00,NaN,0.2,200,1000,-21,64.7561,378.5,NaN,NaN,NaN,NaN
351.497,455,2287,448900,42.2807,-83.7441,27.33,NaN,NaN,NaN,11.00,NaN,0.2,200,1000,-31.5,64.7561,378.5,NaN,NaN,NaN,NaN
351.497,455,2287,449800,42.2807,-83.7441,29.27,NaN,NaN,NaN,11.00,NaN,0.2,200,1000,-31.5,64.7561,378.5,NaN,NaN,NaN,NaN
351.497,455,2287,449900,42.2807,-83.7441,29.27,NaN,NaN,NaN,11.00,NaN,0.2,200,1000,-26.5,64.7561,378.5,NaN,NaN,NaN,NaN
351.497,455,2287,450900,42.2807,-83.7441,31.1,NaN,NaN,NaN,11.00,NaN,0.2,200,1000,-26.5,64.7561,378.5,NaN,NaN,NaN,NaN
351.497,455,2287,451000,42.2807,-83.7441,31.1,NaN,NaN,NaN,11.00,NaN,0.2,200,1000,-24.5,64.7561,378.5,NaN,NaN,NaN,NaN
351.497,455,2287,451900,42.2807,-83.7441,30.22,NaN,NaN,NaN,11.00,NaN,0.2,200,1000,-24.5,64.7561,377.5,NaN,NaN,NaN,NaN
351.497,455,2287,452000,42.281,-83.744,30.22,NaN,NaN,NaN,11.00,NaN,0.2,200,1000,7,64.7561,377.5,NaN,NaN,NaN,NaN
351.497,455,2287,453000,42.281,-83.744,31.97,NaN,NaN,NaN,11.00,NaN,0.2,200,1000,-43.5,64.7561,377.5,NaN,NaN,NaN,NaN
351.497,455,2287,454000,42.281,-83.744,35.3,NaN,NaN,NaN,11.00,NaN,0.2,200,1000,-43.5,64.7561,377.5,NaN,NaN,NaN,NaN
351.497,455,2287,454100,42.281,-83.744,35.3,NaN,NaN,NaN,11.00,NaN,0.2,200,1000,-47.5,64.7561,377.5,NaN,NaN,NaN,NaN
351.497,455,2287,454900,42.2812,-83.744,35.3,NaN,NaN,NaN,11.00,NaN,0.2,200,1000,-47.5,64.7561,377.5,NaN,NaN,NaN,NaN
351.497,455,2287,455000,42.2812,-83.744,37.51,NaN,NaN,NaN,11.00,NaN,0.2,200,1000,-47.5,64.7561,377.5,NaN,NaN,NaN,NaN
351.497,455,2287,455100,42.2812,-83.744,37.51,NaN,NaN,NaN,11.00,NaN,0.2,200,1000,-27,64.7561,377.5,NaN,NaN,NaN,NaN
351.497,455,2287,456100,42.2812,-83.744,38.93,NaN,NaN,NaN,11.00,NaN,0.2,200,1000,-27,64.7561,377.5,NaN,NaN,NaN,NaN
351.497,455,2287,456200,42.2812,-83.744,38.93,NaN,NaN,NaN,11.00,NaN,0.2,200,1000,-35.5,64.7561,377.5,NaN,NaN,NaN,NaN
351.497,455,2287,457000,42.2812,-83.744,38.93,NaN,NaN,NaN,11.00,NaN,0.2,200,1000,-35.5,64.7561,378,NaN,NaN,NaN,NaN
351.497,455,2287,457100,42.2812,-83.744,36.89,NaN,NaN,NaN,11.00,NaN,0.2,200,1000,-35.5,64.7561,378,NaN,NaN,NaN,NaN
351.497,455,2287,457200,42.2812,-83.744,36.89,NaN,NaN,NaN,11.00,NaN,0.2,200,1000,15.5,64.7561,378,NaN,NaN,NaN,NaN
351.497,455,2287,458000,42.2815,-83.7439,36.89,NaN,NaN,NaN,11.00,NaN,0.2,200,1000,15.5,64.7561,378,NaN,NaN,NaN,NaN
351.497,455,2287,458200,42.2815,-83.7439,35.18,NaN,NaN,NaN,11.00,NaN,0.2,200,1000,15.5,64.7561,378,NaN,NaN,NaN,NaN
351.497,455,2287,459200,42.2815,-83.7439,35.54,NaN,NaN,NaN,11.00,NaN,0.2,200,1000,15.5,64.7561,378,NaN,NaN,NaN,NaN
351.497,455,2287,459300,42.2815,-83.7439,35.54,NaN,NaN,NaN,11.00,NaN,0.2,200,1000,-7.5,64.7561,378,NaN,NaN,NaN,NaN
351.497,455,2287,460200,42.2815,-83.7439,35.8,NaN,NaN,NaN,11.00,NaN,0.2,200,1000,-7.5,64.7561,378,NaN,NaN,NaN,NaN
351.497,455,2287,460300,42.2815,-83.7439,35.8,NaN,NaN,NaN,11.00,NaN,0.2,200,1000,9,64.7561,378,NaN,NaN,NaN,NaN
351.497,455,2287,460900,42.2818,-83.7438,35.8,NaN,NaN,NaN,11.00,NaN,0.2,200,1000,9,64.7561,378,NaN,NaN,NaN,NaN
351.497,455,2287,461300,42.2818,-83.7438,36.41,NaN,NaN,NaN,11.00,NaN,0.2,200,1000,9,64.7561,378,NaN,NaN,NaN,NaN
351.497,455,2287,461400,42.2818,-83.7438,36.41,NaN,NaN,NaN,11.00,NaN,0.2,200,1000,-27.5,64.7561,378,NaN,NaN,NaN,NaN
351.497,455,2287,462000,42.2818,-83.7438,36.41,NaN,NaN,NaN,11.00,NaN,0.2,200,1000,-27.5,64.7561,377.5,NaN,NaN,NaN,NaN
351.497,455,2287,462300,42.2818,-83.7438,35.02,NaN,NaN,NaN,11.00,NaN,0.2,200,1000,-27.5,64.7561,377.5,NaN,NaN,NaN,NaN
351.497,455,2287,462400,42.2818,-83.7438,35.02,NaN,NaN,NaN,11.00,NaN,0.2,200,1000,14,64.7561,377.5,NaN,NaN,NaN,NaN
351.497,455,2287,463400,42.2818,-83.7438,36.41,NaN,NaN,NaN,11.00,NaN,0.2,200,1000,-23.5,64.7561,377.5,NaN,NaN,NaN,NaN
351.497,455,2287,463900,42.282,-83.7438,36.41,NaN,NaN,NaN,11.00,NaN,0.2,200,1000,-23.5,64.7561,377.5,NaN,NaN,NaN,NaN
351.497,455,2287,464400,42.282,-83.7438,37.75,NaN,NaN,NaN,11.00,NaN,0.2,200,1000,-23.5,64.7561,377.5,NaN,NaN,NaN,NaN
351.497,455,2287,464500,42.282,-83.7438,37.75,NaN,NaN,NaN,11.00,NaN,0.2,200,1000,-32.5,64.7561,377.5,NaN,NaN,NaN,NaN
351.497,455,2287,465500,42.282,-83.7438,37.22,NaN,NaN,NaN,11.00,NaN,0.2,200,1000,-32.5,64.7561,377.5,NaN,NaN,NaN,NaN
351.497,455,2287,465600,42.282,-83.7438,37.22,NaN,NaN,NaN,11.00,NaN,0.2,200,1000,3.5,64.7561,377.5,NaN,NaN,NaN,NaN
351.497,455,2287,466600,42.282,-83.7438,38.41,NaN,NaN,NaN,11.00,NaN,0.2,200,1000,3.5,64.7561,377.5,NaN,NaN,NaN,NaN
351.497,455,2287,466700,42.282,-83.7438,38.41,NaN,NaN,NaN,11.00,NaN,0.2,200,1000,-18.5,64.7561,377.5,NaN,NaN,NaN,NaN
351.497,455,2287,466900,42.2823,-83.7437,38.41,NaN,NaN,NaN,11.00,NaN,0.2,200,1000,-18.5,64.7561,377.5,NaN,NaN,NaN,NaN
351.497,455,2287,467000,42.2823,-83.7437,38.41,NaN,NaN,NaN,11.00,NaN,0.2,200,1000,-18.5,64.7561,378.5,NaN,NaN,NaN,NaN
351.497,455,2287,467600,42.2823,-83.7437,38.72,NaN,NaN,NaN,11.00,NaN,0.2,200,1000,-18.5,64.7561,378.5,NaN,NaN,NaN,NaN
351.497,455,2287,467800,42.2823,-83.7437,38.72,NaN,NaN,NaN,11.00,NaN,0.2,200,1000,-9,64.7561,378.5,NaN,NaN,NaN,NaN
351.497,455,2287,468700,42.2823,-83.7437,37.11,NaN,NaN,NaN,11.00,NaN,0.2,200,1000,-9,64.7561,378.5,NaN,NaN,NaN,NaN
351.497,455,2287,468800,42.2823,-83.7437,37.11,NaN,NaN,NaN,11.00,NaN,0.2,200,1000,16,64.7561,378.5,NaN,NaN,NaN,NaN
351.497,455,2287,469700,42.2823,-83.7437,35.78,NaN,NaN,NaN,11.00,NaN,0.2,200,1000,16,64.7561,378.5,NaN,NaN,NaN,NaN
351.497,455,2287,469900,42.2826,-83.7437,35.78,NaN,NaN,NaN,11.00,NaN,0.2,200,1000,14.5,64.7561,378.5,NaN,NaN,NaN,NaN
351.497,455,2287,470800,42.2826,-83.7437,34.25,NaN,NaN,NaN,11.00,NaN,0.2,200,1000,14.5,64.7561,378.5,NaN,NaN,NaN,NaN
351.497,455,2287,470900,42.2826,-83.7437,34.25,NaN,NaN,NaN,11.00,NaN,0.2,200,1000,15.5,64.7561,378.5,NaN,NaN,NaN,NaN
351.497,455,2287,471800,42.2826,-83.7437,32.56,NaN,NaN,NaN,11.00,NaN,0.2,200,1000,15.5,64.7561,378.5,NaN,NaN,NaN,NaN
351.497,455,2287,472000,42.2826,-83.7437,32.56,NaN,NaN,NaN,11.00,NaN,0.2,200,1000,14,64.7561,381.5,NaN,NaN,NaN,NaN
351.497,455,2287,472800,42.2826,-83.7437,30.38,NaN,NaN,NaN,11.00,NaN,0.2,200,1000,14,64.7561,381.5,NaN,NaN,NaN,NaN
351.497,455,2287,472900,42.2828,-83.7437,30.38,NaN,NaN,NaN,11.00,NaN,0.2,200,1000,14,64.7561,381.5,NaN,NaN,NaN,NaN
351.497,455,2287,473000,42.2828,-83.7437,30.38,NaN,NaN,NaN,11.00,NaN,0.2,200,1000,13,64.7561,381.5,NaN,NaN,NaN,NaN
351.497,455,2287,473900,42.2828,-83.7437,31.64,NaN,NaN,NaN,11.00,NaN,0.2,200,1000,13,64.7561,381.5,NaN,NaN,NaN,NaN
351.497,455,2287,474000,42.2828,-83.7437,31.64,NaN,NaN,NaN,11.00,NaN,0.2,200,1000,-24.5,64.7561,381.5,NaN,NaN,NaN,NaN
351.497,455,2287,474900,42.2828,-83.7437,33.59,NaN,NaN,NaN,11.00,NaN,0.2,200,1000,-24.5,64.7561,381.5,NaN,NaN,NaN,NaN
351.497,455,2287,475100,42.2828,-83.7437,33.59,NaN,NaN,NaN,11.00,NaN,0.2,200,1000,0.5,64.7561,381.5,NaN,NaN,NaN,NaN
351.497,455,2287,476000,42.283,-83.7437,34.39,NaN,NaN,NaN,11.00,NaN,0.2,200,1000,0.5,64.7561,381.5,NaN,NaN,NaN,NaN
351.497,455,2287,476100,42.283,-83.7437,34.39,NaN,NaN,NaN,11.00,NaN,0.2,200,1000,-35.5,64.7561,381.5,NaN,NaN,NaN,NaN
351.497,455,2287,477000,42.283,-83.7437,35.63,NaN,NaN,NaN,11.00,NaN,0.2,200,1000,-35.5,64.7561,381.5,NaN,NaN,NaN,NaN
351.497,455,2287,477100,42.283,-83.7437,35.63,NaN,NaN,NaN,11.00,NaN,0.2,200,1000,-35.5,64.7561,377,NaN,NaN,NaN,NaN
351.497,455,2287,477200,42.283,-83.7437,35.63,NaN,NaN,NaN,11.00,NaN,0.2,200,1000,5.5,64.7561,377,NaN,NaN,NaN,NaN
351.497,455,2287,478000,42.283,-83.7437,36.9,NaN,NaN,NaN,11.00,NaN,0.2,200,1000,5.5,64.7561,377,NaN,NaN,NaN,NaN
351.497,455,2287,478200,42.283,-83.7437,36.9,NaN,NaN,NaN,11.00,NaN,0.2,200,1000,9,64.7561,377,NaN,NaN,NaN,NaN
351.497,455,2287,479000,42.2833,-83.7436,36.9,NaN,NaN,NaN,11.00,NaN,0.2,200,1000,9,64.7561,377,NaN,NaN,NaN,NaN
351.497,455,2287,479100,42.2833,-83.7436,37.49,NaN,NaN,NaN,11.00,NaN,0.2,200,1000,9,64.7561,377,NaN,NaN,NaN,NaN
351.497,455,2287,479200,42.2833,-83.7436,37.49,NaN,NaN,NaN,11.00,NaN,0.2,200,1000,-29,64.7561,377,NaN,NaN,NaN,NaN
351.497,455,2287,480100,42.2833,-83.7436,39.18,NaN,NaN,NaN,11.00,NaN,0.2,200,1000,-29,64.7561,377,NaN,NaN,NaN,NaN
351.497,455,2287,480300,42.2833,-83.7436,39.18,NaN,NaN,NaN,11.00,NaN,0.2,200,1000,-5,64.7561,377,NaN,NaN,NaN,NaN
351.497,455,2287,481200,42.2833,-83.7436,40.7,NaN,NaN,NaN,11.00,NaN,0.2,200,1000,-5,64.7561,377,NaN,NaN,NaN,NaN
351.497,455,2287,481300,42.2833,-83.7436,40.7,NaN,NaN,NaN,11.00,NaN,0.2,200,1000,-13.5,64.7561,377,NaN,NaN,NaN,NaN
351.497,455,2287,481600,42.2833,-83.7436,40.7,NaN,NaN,NaN,11.00,NaN,0.2,200,1000,-13.5,64.5122,377,NaN,NaN,NaN,NaN
351.497,455,2287,481900,42.2836,-83.7436,40.7,NaN,NaN,NaN,11.00,NaN,0.2,200,1000,-13.5,64.5122,377,NaN,NaN,NaN,NaN
351.497,455,2287,482100,42.2836,-83.7436,40.7,NaN,NaN,NaN,11.00,NaN,0.2,200,1000,-13.5,64.5122,378.5,NaN,NaN,NaN,NaN
351.497,455,2287,482200,42.2836,-83.7436,43.13,NaN,NaN,NaN,11.00,NaN,0.2,200,1000,-13.5,64.5122,378.5,NaN,NaN,NaN,NaN
351.497,455,2287,482400,42.2836,-83.7436,43.13,NaN,NaN,NaN,11.00,NaN,0.2,200,1000,-32.5,64.5122,378.5,NaN,NaN,NaN,NaN
351.497,455,2287,483200,42.2836,-83.7436,45.38,NaN,NaN,NaN,11.00,NaN,0.2,200,1000,-32.5,64.5122,378.5,NaN,NaN,NaN,NaN
351.497,455,2287,483400,42.2836,-83.7436,45.38,NaN,NaN,NaN,11.00,NaN,0.2,200,1000,-37,64.5122,378.5,NaN,NaN,NaN,NaN
351.497,455,2287,484300,42.2836,-83.7436,45.75,NaN,NaN,NaN,11.00,NaN,0.2,200,1000,-37,64.5122,378.5,NaN,NaN,NaN,NaN
351.497,455,2287,484400,42.2836,-83.7436,45.75,NaN,NaN,NaN,11.00,NaN,0.2,200,1000,-6.5,64.5122,378.5,NaN,NaN,NaN,NaN
351.497,455,2287,484900,42.2839,-83.7436,45.75,NaN,NaN,NaN,11.00,NaN,0.2,200,1000,-6.5,64.5122,378.5,NaN,NaN,NaN,NaN
351.497,455,2287,485300,42.2839,-83.7436,45.69,NaN,NaN,NaN,11.00,NaN,0.2,200,1000,-6.5,64.5122,378.5,NaN,NaN,NaN,NaN
351.497,455,2287,485500,42.2839,-83.7436,45.69,NaN,NaN,NaN,11.00,NaN,0.2,200,1000,-13.5,64.5122,378.5,NaN,NaN,NaN,NaN
351.497,455,2287,486400,42.2839,-83.7436,44.95,NaN,NaN,NaN,11.00,NaN,0.2,200,1000,-13.5,64.5122,378.5,NaN,NaN,NaN,NaN
351.497,455,2287,486500,42.2839,-83.7436,44.95,NaN,NaN,NaN,11.00,NaN,0.2,200,1000,16.5,64.5122,378.5,NaN,NaN,NaN,NaN
351.497,455,2287,487200,42.2839,-83.7436,44.95,NaN,NaN,NaN,11.00,NaN,0.2,200,1000,16.5,64.5122,381,NaN,NaN,NaN,NaN
351.497,455,2287,487400,42.2839,-83.7436,43.55,NaN,NaN,NaN,11.00,NaN,0.2,200,1000,16.5,64.5122,381,NaN,NaN,NaN,NaN
351.497,455,2287,487600,42.2839,-83.7436,43.55,NaN,NaN,NaN,11.00,NaN,0.2,200,1000,21,64.5122,381,NaN,NaN,NaN,NaN
351.497,455,2287,488000,42.2842,-83.7435,43.55,NaN,NaN,NaN,11.00,NaN,0.2,200,1000,21,64.5122,381,NaN,NaN,NaN,NaN
351.497,455,2287,488400,42.2842,-83.7435,43.87,NaN,NaN,NaN,11.00,NaN,0.2,200,1000,21,64.5122,381,NaN,NaN,NaN,NaN
351.497,455,2287,488600,42.2842,-83.7435,43.87,NaN,NaN,NaN,11.00,NaN,0.2,200,1000,-13,64.5122,381,NaN,NaN,NaN,NaN
351.497,455,2287,489500,42.2842,-83.7435,45.24,NaN,NaN,NaN,11.00,NaN,0.2,200,1000,-13,64.5122,381,NaN,NaN,NaN,NaN
351.497,455,2287,489600,42.2842,-83.7435,45.24,NaN,NaN,NaN,11.00,NaN,0.2,200,1000,-23,64.5122,381,NaN,NaN,NaN,NaN
351.497,455,2287,490500,42.2842,-83.7435,46.71,NaN,NaN,NaN,11.00,NaN,0.2,200,1000,-23,64.5122,381,NaN,NaN,NaN,NaN
351.497,455,2287,490700,42.2842,-83.7435,46.71,NaN,NaN,NaN,11.00,NaN,0.2,200,1000,-28,64.5122,381,NaN,NaN,NaN,NaN
351.497,455,2287,490900,42.2846,-83.7435,46.71,NaN,NaN,NaN,11.00,NaN,0.2,200,1000,-28,64.5122,381,NaN,NaN,NaN,NaN
351.497,455,2287,491600,42.2846,-83.7435,48.2,NaN,NaN,NaN,11.00,NaN,0.2,200,1000,-28,64.5122,381,NaN,NaN,NaN,NaN
351.497,455,2287,491700,42.2846,-83.7435,48.2,NaN,NaN,NaN,11.00,NaN,0.2,200,1000,-30.5,64.5122,381,NaN,NaN,NaN,NaN
351.497,455,2287,492200,42.2846,-83.7435,48.2,NaN,NaN,NaN,11.00,NaN,0.2,200,1000,-30.5,64.5122,377,NaN,NaN,NaN,NaN
351.497,455,2287,492600,42.2846,-83.7435,47.27,NaN,NaN,NaN,11.00,NaN,0.2,200,1000,-30.5,64.5122,377,NaN,NaN,NaN,NaN
351.497,455,2287,492800,42.2846,-83.7435,47.27,NaN,NaN,NaN,11.00,NaN,0.2,200,1000,19,64.5122,377,NaN,NaN,NaN,NaN
351.497,455,2287,493600,42.2846,-83.7435,47.11,NaN,NaN,NaN,11.00,NaN,0.2,200,1000,19,64.5122,377,NaN,NaN,NaN,NaN
351.497,455,2287,493800,42.2846,-83.7435,47.11,NaN,NaN,NaN,11.00,NaN,0.2,200,1000,-0.5,64.5122,377,NaN,NaN,NaN,NaN
351.497,455,2287,494000,42.2849,-83.7435,47.11,NaN,NaN,NaN,11.00,NaN,0.2,200,1000,-0.5,64.5122,377,NaN,NaN,NaN,NaN
351.497,455,2287,494700,42.2849,-83.7435,48.25,NaN,NaN,NaN,11.00,NaN,0.2,200,1000,-0.5,64.5122,377,NaN,NaN,NaN,NaN
351.497,455,2287,494800,42.2849,-83.7435,48.25,NaN,NaN,NaN,11.00,NaN,0.2,200,1000,-12,64.5122,377,NaN,NaN,NaN,NaN
351.497,455,2287,495700,42.2849,-83.7435,47.83,NaN,NaN,NaN,11.00,NaN,0.2,200,1000,-12,64.5122,377,NaN,NaN,NaN,NaN
351.497,455,2287,495900,42.2849,-83.7435,47.83,NaN,NaN,NaN,11.00,NaN,0.2,200,1000,19,64.5122,377,NaN,NaN,NaN,NaN
351.497,455,2287,496800,42.2849,-83.7435,47.48,NaN,NaN,NaN,11.00,NaN,0.2,200,1000,19,64.5122,377,NaN,NaN,NaN,NaN
351.497,455,2287,496900,42.2852,-83.7435,47.48,NaN,NaN,NaN,11.00,NaN,0.2,200,1000,5,64.5122,377,NaN,NaN,NaN,NaN
351.497,455,2287,497200,42.2852,-83.7435,47.48,NaN,NaN,NaN,11.00,NaN,0.2,200,1000,5,64.5122,381.5,NaN,NaN,NaN,NaN
351.497,455,2287,497800,42.2852,-83.7435,46.65,NaN,NaN,NaN,11.00,NaN,0.2,200,1000,5,64.5122,381.5,NaN,NaN,NaN,NaN
351.497,455,2287,498000,42.2852,-83.7435,46.65,NaN,NaN,NaN,11.00,NaN,0.2,200,1000,20,64.5122,381.5,NaN,NaN,NaN,NaN
351.497,455,2287,498800,42.2852,-83.7435,45.66,NaN,NaN,NaN,11.00,NaN,0.2,200,1000,20,64.5122,381.5,NaN,NaN,NaN,NaN
351.497,455,2287,499900,42.2852,-83.7435,45.67,NaN,NaN,NaN,11.00,NaN,0.2,200,1000,20,64.5122,381.5,NaN,NaN,NaN,NaN
351.497,455,2287,500000,42.2856,-83.7435,45.67,NaN,NaN,NaN,11.00,NaN,0.2,200,1000,14,64.5122,381.5,NaN,NaN,NaN,NaN
351.497,455,2287,501000,42.2856,-83.7435,45.14,NaN,NaN,NaN,11.00,NaN,0.2,200,1000,14,64.5122,381.5,NaN,NaN,NaN,NaN
351.497,455,2287,501100,42.2856,-83.7435,45.14,NaN,NaN,NaN,11.00,NaN,0.2,200,1000,19,64.5122,381.5,NaN,NaN,NaN,NaN
351.497,455,2287,502100,42.2856,-83.7435,44.52,NaN,NaN,NaN,11.00,NaN,0.2,200,1000,19,64.5122,381.5,NaN,NaN,NaN,NaN
351.497,455,2287,502200,42.2856,-83.7435,44.52,NaN,NaN,NaN,11.00,NaN,0.2,200,1000,18.5,64.5122,381.5,NaN,NaN,NaN,NaN
351.497,455,2287,502300,42.2856,-83.7435,44.52,NaN,NaN,NaN,11.00,NaN,0.2,200,1000,18.5,64.5122,382.5,NaN,NaN,NaN,NaN
351.497,455,2287,503000,42.2859,-83.7435,44.52,NaN,NaN,NaN,11.00,NaN,0.2,200,1000,18.5,64.5122,382.5,NaN,NaN,NaN,NaN
351.497,455,2287,503200,42.2859,-83.7435,45.49,NaN,NaN,NaN,11.00,NaN,0.2,200,1000,18.5,64.5122,382.5,NaN,NaN,NaN,NaN
351.497,455,2287,503300,42.2859,-83.7435,45.49,NaN,NaN,NaN,11.00,NaN,0.2,200,1000,4,64.5122,382.5,NaN,NaN,NaN,NaN
351.497,455,2287,504200,42.2859,-83.7435,46.68,NaN,NaN,NaN,11.00,NaN,0.2,200,1000,4,64.5122,382.5,NaN,NaN,NaN,NaN
351.497,455,2287,504300,42.2859,-83.7435,46.68,NaN,NaN,NaN,11.00,NaN,0.2,200,1000,-6.5,64.5122,382.5,NaN,NaN,NaN,NaN
351.497,455,2287,505200,42.2859,-83.7435,47.26,NaN,NaN,NaN,11.00,NaN,0.2,200,1000,-6.5,64.5122,382.5,NaN,NaN,NaN,NaN
351.497,455,2287,505400,42.2859,-83.7435,47.26,NaN,NaN,NaN,11.00,NaN,0.2,200,1000,-14,64.5122,382.5,NaN,NaN,NaN,NaN
351.497,455,2287,506200,42.2859,-83.7435,47.83,NaN,NaN,NaN,11.00,NaN,0.2,200,1000,-14,64.5122,382.5,NaN,NaN,NaN,NaN
351.497,455,2287,506400,42.2859,-83.7435,47.83,NaN,NaN,NaN,11.00,NaN,0.2,200,1000,11.5,64.5122,382.5,NaN,NaN,NaN,NaN
351.497,455,2287,506900,42.2863,-83.7435,47.83,NaN,NaN,NaN,11.00,NaN,0.2,200,1000,11.5,64.5122,382.5,NaN,NaN,NaN,NaN
351.497,455,2287,507300,42.2863,-83.7435,48.18,NaN,NaN,NaN,11.00,NaN,0.2,200,1000,11.5,64.5122,382.5,NaN,NaN,NaN,NaN
351.497,455,2287,507400,42.2863,-83.7435,48.18,NaN,NaN,NaN,11.00,NaN,0.2,200,1000,20,64.5122,380.5,NaN,NaN,NaN,NaN
351.497,455,2287,508300,42.2863,-83.7435,50.04,NaN,NaN,NaN,11.00,NaN,0.2,200,1000,20,64.5122,380.5,NaN,NaN,NaN,NaN
351.497,455,2287,508500,42.2863,-83.7435,50.04,NaN,NaN,NaN,11.00,NaN,0.2,200,1000,-13.5,64.5122,380.5,NaN,NaN,NaN,NaN
351.497,455,2287,509400,42.2863,-83.7435,51.96,NaN,NaN,NaN,11.00,NaN,0.2,200,1000,-13.5,64.5122,380.5,NaN,NaN,NaN,NaN
351.497,455,2287,509500,42.2863,-83.7435,51.96,NaN,NaN,NaN,11.00,NaN,0.2,200,1000,-18,64.5122,380.5,NaN,NaN,NaN,NaN
351.497,455,2287,509900,42.2867,-83.7434,51.96,NaN,NaN,NaN,11.00,NaN,0.2,200,1000,-18,64.5122,380.5,NaN,NaN,NaN,NaN
351.497,455,2287,510400,42.2867,-83.7434,53.32,NaN,NaN,NaN,11.00,NaN,0.2,200,1000,-18,64.5122,380.5,NaN,NaN,NaN,NaN
351.497,455,2287,510600,42.2867,-83.7434,53.32,NaN,NaN,NaN,11.00,NaN,0.2,200,1000,-26,64.5122,380.5,NaN,NaN,NaN,NaN
351.497,455,2287,511400,42.2867,-83.7434,52.17,NaN,NaN,NaN,11.00,NaN,0.2,200,1000,-26,64.5122,380.5,NaN,NaN,NaN,NaN
351.497,455,2287,511600,42.2867,-83.7434,52.17,NaN,NaN,NaN,11.00,NaN,0.2,200,1000,20.5,64.5122,380.5,NaN,NaN,NaN,NaN
351.497,455,2287,512400,42.2867,-83.7434,52.17,NaN,NaN,NaN,11.00,NaN,0.2,200,1000,20.5,64.5122,382.5,NaN,NaN,NaN,NaN
351.497,455,2287,512500,42.2867,-83.7434,52,NaN,NaN,NaN,11.00,NaN,0.2,200,1000,20.5,64.5122,382.5,NaN,NaN,NaN,NaN
351.497,455,2287,512600,42.2867,-83.7434,52,NaN,NaN,NaN,11.00,NaN,0.2,200,1000,-22.5,64.5122,382.5,NaN,NaN,NaN,NaN
351.497,455,2287,513000,42.2871,-83.7431,52,NaN,NaN,NaN,11.00,NaN,0.2,200,1000,-22.5,64.5122,382.5,NaN,NaN,NaN,NaN
351.497,455,2287,513500,42.2871,-83.7431,52.65,NaN,NaN,NaN,11.00,NaN,0.2,200,1000,-22.5,64.5122,382.5,NaN,NaN,NaN,NaN
351.497,455,2287,513700,42.2871,-83.7431,52.65,NaN,NaN,NaN,11.00,NaN,0.2,200,1000,-42.5,64.5122,382.5,NaN,NaN,NaN,NaN
351.497,455,2287,514600,42.2871,-83.7431,53.23,NaN,NaN,NaN,11.00,NaN,0.2,200,1000,-42.5,64.5122,382.5,NaN,NaN,NaN,NaN
351.497,455,2287,514700,42.2871,-83.7431,53.23,NaN,NaN,NaN,11.00,NaN,0.2,200,1000,-60.5,64.5122,382.5,NaN,NaN,NaN,NaN
351.497,455,2287,515600,42.2871,-83.7431,52.28,NaN,NaN,NaN,11.00,NaN,0.2,200,1000,-60.5,64.5122,382.5,NaN,NaN,NaN,NaN
351.497,455,2287,515800,42.2871,-83.7431,52.28,NaN,NaN,NaN,11.00,NaN,0.2,200,1000,-35,64.5122,382.5,NaN,NaN,NaN,NaN
351.497,455,2287,516000,42.2873,-83.7427,52.28,NaN,NaN,NaN,11.00,NaN,0.2,200,1000,-35,64.5122,382.5,NaN,NaN,NaN,NaN
351.497,455,2287,516600,42.2873,-83.7427,52.48,NaN,NaN,NaN,11.00,NaN,0.2,200,1000,-35,64.5122,382.5,NaN,NaN,NaN,NaN
351.497,455,2287,516800,42.2873,-83.7427,52.48,NaN,NaN,NaN,11.00,NaN,0.2,200,1000,-35.5,64.5122,382.5,NaN,NaN,NaN,NaN
351.497,455,2287,517400,42.2873,-83.7427,52.48,NaN,NaN,NaN,11.00,NaN,0.2,200,1000,-35.5,64.5122,376.5,NaN,NaN,NaN,NaN
351.497,455,2287,517700,42.2873,-83.7427,50.45,NaN,NaN,NaN,11.00,NaN,0.2,200,1000,-35.5,64.5122,376.5,NaN,NaN,NaN,NaN
351.497,455,2287,517800,42.2873,-83.7427,50.45,NaN,NaN,NaN,11.00,NaN,0.2,200,1000,10.5,64.5122,376.5,NaN,NaN,NaN,NaN
351.497,455,2287,518700,42.2873,-83.7427,49,NaN,NaN,NaN,11.00,NaN,0.2,200,1000,10.5,64.5122,376.5,NaN,NaN,NaN,NaN
351.497,455,2287,518900,42.2875,-83.7423,49,NaN,NaN,NaN,11.00,NaN,0.2,200,1000,8,64.5122,376.5,NaN,NaN,NaN,NaN
351.497,455,2287,519800,42.2875,-83.7423,48.61,NaN,NaN,NaN,11.00,NaN,0.2,200,1000,8,64.5122,376.5,NaN,NaN,NaN,NaN
351.497,455,2287,519900,42.2875,-83.7423,48.61,NaN,NaN,NaN,11.00,NaN,0.2,200,1000,5,64.5122,376.5,NaN,NaN,NaN,NaN
351.497,455,2287,520800,42.2875,-83.7423,46.86,NaN,NaN,NaN,11.00,NaN,0.2,200,1000,5,64.5122,376.5,NaN,NaN,NaN,NaN
351.497,455,2287,521000,42.2875,-83.7423,46.86,NaN,NaN,NaN,11.00,NaN,0.2,200,1000,23,64.5122,376.5,NaN,NaN,NaN,NaN
351.497,455,2287,521800,42.2875,-83.7423,45.61,NaN,NaN,NaN,11.00,NaN,0.2,200,1000,23,64.5122,376.5,NaN,NaN,NaN,NaN
351.497,455,2287,521900,42.2877,-83.7419,45.61,NaN,NaN,NaN,11.00,NaN,0.2,200,1000,23,64.5122,376.5,NaN,NaN,NaN,NaN
351.497,455,2287,522000,42.2877,-83.7419,45.61,NaN,NaN,NaN,11.00,NaN,0.2,200,1000,4.5,64.5122,376.5,NaN,NaN,NaN,NaN
351.497,455,2287,522500,42.2877,-83.7419,45.61,NaN,NaN,NaN,11.00,NaN,0.2,200,1000,4.5,64.5122,380.5,NaN,NaN,NaN,NaN
351.497,455,2287,522900,42.2877,-83.7419,45.36,NaN,NaN,NaN,11.00,NaN,0.2,200,1000,4.5,64.5122,380.5,NaN,NaN,NaN,NaN
351.497,455,2287,523000,42.2877,-83.7419,45.36,NaN,NaN,NaN,11.00,NaN,0.2,200,1000,22,64.5122,380.5,NaN,NaN,NaN,NaN
351.497,455,2287,523900,42.2877,-83.7419,45.04,NaN,NaN,NaN,11.00,NaN,0.2,200,1000,22,64.5122,380.5,NaN,NaN,NaN,NaN
351.497,455,2287,524100,42.2877,-83.7419,45.04,NaN,NaN,NaN,11.00,NaN,0.2,200,1000,20.5,64.5122,380.5,NaN,NaN,NaN,NaN
351.497,455,2287,525000,42.2879,-83.7416,44.5,NaN,NaN,NaN,11.00,NaN,0.2,200,1000,20.5,64.5122,380.5,NaN,NaN,NaN,NaN
351.497,455,2287,525100,42.2879,-83.7416,44.5,NaN,NaN,NaN,11.00,NaN,0.2,200,1000,21.5,64.5122,380.5,NaN,NaN,NaN,NaN
351.497,455,2287,526000,42.2879,-83.7416,44.1,NaN,NaN,NaN,11.00,NaN,0.2,200,1000,21.5,64.5122,380.5,NaN,NaN,NaN,NaN
351.497,455,2287,526200,42.2879,-83.7416,44.1,NaN,NaN,NaN,11.00,NaN,0.2,200,1000,19.5,64.5122,380.5,NaN,NaN,NaN,NaN
351.497,455,2287,527000,42.2879,-83.7416,44,NaN,NaN,NaN,11.00,NaN,0.2,200,1000,19.5,64.5122,380.5,NaN,NaN,NaN,NaN
351.497,455,2287,527200,42.2879,-83.7416,44,NaN,NaN,NaN,11.00,NaN,0.2,200,1000,12,64.5122,380.5,NaN,NaN,NaN,NaN
351.497,455,2287,527500,42.2879,-83.7416,44,NaN,NaN,NaN,11.00,NaN,0.2,200,1000,12,64.5122,382,NaN,NaN,NaN,NaN
351.497,455,2287,528000,42.2881,-83.7412,44,NaN,NaN,NaN,11.00,NaN,0.2,200,1000,12,64.5122,382,NaN,NaN,NaN,NaN
351.497,455,2287,528100,42.2881,-83.7412,44.22,NaN,NaN,NaN,11.00,NaN,0.2,200,1000,12,64.5122,382,NaN,NaN,NaN,NaN
351.497,455,2287,528200,42.2881,-83.7412,44.22,NaN,NaN,NaN,11.00,NaN,0.2,200,1000,19,64.5122,382,NaN,NaN,NaN,NaN
351.497,455,2287,529100,42.2881,-83.7412,43.42,NaN,NaN,NaN,11.00,NaN,0.2,200,1000,19,64.5122,382,NaN,NaN,NaN,NaN
351.497,455,2287,529300,42.2881,-83.7412,43.42,NaN,NaN,NaN,11.00,NaN,0.2,200,1000,19.5,64.5122,382,NaN,NaN,NaN,NaN
351.497,455,2287,530200,42.2881,-83.7412,43.02,NaN,NaN,NaN,11.00,NaN,0.2,200,1000,19.5,64.5122,382,NaN,NaN,NaN,NaN
351.497,455,2287,530900,42.2883,-83.7409,43.02,NaN,NaN,NaN,11.00,NaN,0.2,200,1000,19.5,64.5122,382,NaN,NaN,NaN,NaN
351.497,455,2287,531200,42.2883,-83.7409,42.23,NaN,NaN,NaN,11.00,NaN,0.2,200,1000,19.5,64.5122,382,NaN,NaN,NaN,NaN
351.497,455,2287,531400,42.2883,-83.7409,42.23,NaN,NaN,NaN,11.00,NaN,0.2,200,1000,21.5,64.5122,382,NaN,NaN,NaN,NaN
351.497,455,2287,532200,42.2883,-83.7409,38.92,NaN,NaN,NaN,11.00,NaN,0.2,200,1000,21.5,64.5122,382,NaN,NaN,NaN,NaN
351.497,455,2287,532400,42.2883,-83.7409,38.92,NaN,NaN,NaN,11.00,NaN,0.2,200,1000,19.5,64.5122,382,NaN,NaN,NaN,NaN
351.497,455,2287,532600,42.2883,-83.7409,38.92,NaN,NaN,NaN,11.00,NaN,0.2,200,1000,19.5,64.5122,383.5,NaN,NaN,NaN,NaN
351.497,455,2287,533300,42.2883,-83.7409,37.18,NaN,NaN,NaN,11.00,NaN,0.2,200,1000,19.5,64.5122,383.5,NaN,NaN,NaN,NaN
351.497,455,2287,533400,42.2883,-83.7409,37.18,NaN,NaN,NaN,11.00,NaN,0.2,200,1000,15.5,64.5122,383.5,NaN,NaN,NaN,NaN
351.497,455,2287,533900,42.2884,-83.7405,37.18,NaN,NaN,NaN,11.00,NaN,0.2,200,1000,15.5,64.5122,383.5,NaN,NaN,NaN,NaN
351.497,455,2287,534400,42.2884,-83.7405,32.74,NaN,NaN,NaN,11.00,NaN,0.2,200,1000,15.5,64.5122,383.5,NaN,NaN,NaN,NaN
351.497,455,2287,534500,42.2884,-83.7405,32.74,NaN,NaN,NaN,11.00,NaN,0.2,200,1000,17,64.5122,383.5,NaN,NaN,NaN,NaN
351.497,455,2287,535400,42.2884,-83.7405,28.75,NaN,NaN,NaN,11.00,NaN,0.2,200,1000,17,64.5122,383.5,NaN,NaN,NaN,NaN
351.497,455,2287,536500,42.2884,-83.7405,26.19,NaN,NaN,NaN,11.00,NaN,0.2,200,1000,17,64.5122,383.5,NaN,NaN,NaN,NaN
351.497,455,2287,536600,42.2884,-83.7405,26.19,NaN,NaN,NaN,11.00,NaN,0.2,200,1000,13,64.5122,383.5,NaN,NaN,NaN,NaN
351.497,455,2287,537000,42.2886,-83.7403,26.19,NaN,NaN,NaN,11.00,NaN,0.2,200,1000,13,64.5122,383.5,NaN,NaN,NaN,NaN
351.497,455,2287,537600,42.2886,-83.7403,21.53,NaN,NaN,NaN,11.00,NaN,0.2,200,1000,13,64.5122,382.5,NaN,NaN,NaN,NaN
351.497,455,2287,537700,42.2886,-83.7403,21.53,NaN,NaN,NaN,11.00,NaN,0.2,200,1000,10,64.5122,382.5,NaN,NaN,NaN,NaN
351.497,455,2287,538700,42.2886,-83.7403,15.91,NaN,NaN,NaN,11.00,NaN,0.2,200,1000,10,64.5122,382.5,NaN,NaN,NaN,NaN
351.497,455,2287,538800,42.2886,-83.7403,15.91,NaN,NaN,NaN,11.00,NaN,0.2,200,1000,5.5,64.5122,382.5,NaN,NaN,NaN,NaN
351.497,455,2287,539700,42.2886,-83.7403,10.48,NaN,NaN,NaN,11.00,NaN,0.2,200,1000,5.5,64.5122,382.5,NaN,NaN,NaN,NaN
351.497,455,2287,539800,42.2886,-83.7403,10.48,NaN,NaN,NaN,11.00,NaN,0.2,200,1000,0,64.5122,382.5,NaN,NaN,NaN,NaN
351.497,455,2287,540000,42.2887,-83.7402,10.48,NaN,NaN,NaN,11.00,NaN,0.2,200,1000,0,64.5122,382.5,NaN,NaN,NaN,NaN
351.497,455,2287,540800,42.2887,-83.7402,5.93,NaN,NaN,NaN,11.00,NaN,0.2,200,1000,-3.5,64.5122,382.5,NaN,NaN,NaN,NaN
351.497,455,2287,541600,42.2887,-83.7402,5.93,NaN,NaN,NaN,11.00,NaN,0.2,200,1000,-3.5,64.7561,382.5,NaN,NaN,NaN,NaN
351.497,455,2287,541800,42.2887,-83.7402,3.75,NaN,NaN,NaN,11.00,NaN,0.2,200,1000,-3.5,64.7561,382.5,NaN,NaN,NaN,NaN
351.497,455,2287,541900,42.2887,-83.7402,3.75,NaN,NaN,NaN,11.00,NaN,0.2,200,1000,-4.5,64.7561,382.5,NaN,NaN,NaN,NaN
351.497,455,2287,542100,42.2887,-83.7402,3.75,NaN,NaN,NaN,11.00,NaN,0.0,0,1000,-4.5,64.7561,382.5,NaN,NaN,NaN,NaN
351.497,455,2287,542600,42.2887,-83.7402,3.75,NaN,NaN,NaN,11.00,NaN,0.0,0,1000,-4.5,64.7561,381,NaN,NaN,NaN,NaN
351.497,455,2287,542800,42.2887,-83.7402,3.62,NaN,NaN,NaN,11.00,NaN,0.0,0,1000,-4.5,64.7561,381,NaN,NaN,NaN,NaN
351.497,455,2287,542900,42.2887,-83.7402,3.62,NaN,NaN,NaN,11.00,NaN,0.0,0,1000,-5,64.7561,381,NaN,NaN,NaN,NaN
351.497,455,2287,543000,42.2887,-83.7401,3.62,NaN,NaN,NaN,11.00,NaN,0.0,0,1000,-5,64.7561,381,NaN,NaN,NaN,NaN
351.497,455,2287,543900,42.2887,-83.7401,3.8,NaN,NaN,NaN,11.00,NaN,0.0,0,1000,-5,64.7561,381,NaN,NaN,NaN,NaN
351.497,455,2287,544000,42.2887,-83.7401,3.8,NaN,NaN,NaN,11.00,NaN,0.0,0,1000,-5.5,64.7561,381,NaN,NaN,NaN,NaN
351.497,455,2287,544600,42.2887,-83.7401,0,NaN,NaN,NaN,11.00,NaN,0.0,0,1000,-5.5,64.7561,381,NaN,NaN,NaN,NaN
351.497,455,2287,544800,42.2887,-83.7401,0,NaN,NaN,NaN,11.00,NaN,0.0,0,1000,-5,64.7561,381,NaN,NaN,NaN,NaN
351.497,455,2287,545000,42.2887,-83.7401,0,NaN,NaN,NaN,10.50,NaN,0.0,0,1000,-5,64.7561,381,NaN,NaN,NaN,NaN
351.497,455,2287,545200,42.2887,-83.7401,0,NaN,NaN,NaN,10.50,NaN,0.2,200,1000,-5,64.7561,381,NaN,NaN,NaN,NaN
351.497,455,2287,546800,42.2887,-83.7401,0,NaN,NaN,NaN,10.50,NaN,0.2,200,1000,-5.5,64.7561,381,NaN,NaN,NaN,NaN
351.497,455,2287,547900,42.2887,-83.7401,0,NaN,NaN,NaN,10.50,NaN,0.2,200,1000,-4.5,64.7561,381,NaN,NaN,NaN,NaN
351.497,455,2287,548900,42.2887,-83.7401,0,NaN,NaN,NaN,10.50,NaN,0.2,200,1000,-6,64.7561,381,NaN,NaN,NaN,NaN
351.497,455,2287,549700,42.2887,-83.7401,0,NaN,NaN,NaN,10.50,NaN,0.2,200,1000,-6,64.7561,380.5,NaN,NaN,NaN,NaN
351.497,455,2287,550000,42.2887,-83.7401,0,NaN,NaN,NaN,10.50,NaN,0.2,200,1000,-4,64.7561,380.5,NaN,NaN,NaN,NaN
351.497,455,2287,551000,42.2887,-83.7401,0,NaN,NaN,NaN,10.50,NaN,0.2,200,1000,-5,64.7561,380.5,NaN,NaN,NaN,NaN
351.497,455,2287,552000,42.2887,-83.7401,0,NaN,NaN,NaN,10.50,NaN,0.2,200,1000,-3.5,64.7561,380.5,NaN,NaN,NaN,NaN
351.497,455,2287,553100,42.2887,-83.7401,0,NaN,NaN,NaN,10.50,NaN,0.2,200,1000,-4,64.7561,380.5,NaN,NaN,NaN,NaN
351.497,455,2287,555200,42.2887,-83.7401,0,NaN,NaN,NaN,10.50,NaN,0.2,200,1000,-4.5,64.7561,380.5,NaN,NaN,NaN,NaN
351.497,455,2287,556200,42.2887,-83.7401,0,NaN,NaN,NaN,10.50,NaN,0.2,200,1000,-5.5,64.7561,380.5,NaN,NaN,NaN,NaN
351.497,455,2287,557200,42.2887,-83.7401,0,NaN,NaN,NaN,10.50,NaN,0.2,200,1000,-4.5,64.7561,380.5,NaN,NaN,NaN,NaN
351.497,455,2287,558300,42.2887,-83.7401,0,NaN,NaN,NaN,10.50,NaN,0.2,200,1000,-5.5,64.7561,380.5,NaN,NaN,NaN,NaN
351.497,455,2287,559300,42.2887,-83.7401,0,NaN,NaN,NaN,10.50,NaN,0.2,200,1000,-3,64.7561,380.5,NaN,NaN,NaN,NaN
351.497,455,2287,560400,42.2887,-83.7401,0,NaN,NaN,NaN,10.50,NaN,0.2,200,1000,-4,64.7561,380.5,NaN,NaN,NaN,NaN
351.497,455,2287,563500,42.2887,-83.7401,0,NaN,NaN,NaN,10.50,NaN,0.2,200,1000,-5,64.7561,380.5,NaN,NaN,NaN,NaN
351.497,455,2287,564500,42.2887,-83.7401,0,NaN,NaN,NaN,10.50,NaN,0.2,200,1000,-4,64.7561,380.5,NaN,NaN,NaN,NaN
351.497,455,2287,565600,42.2887,-83.7401,0,NaN,NaN,NaN,10.50,NaN,0.2,200,1000,-4.5,64.7561,380.5,NaN,NaN,NaN,NaN
351.497,455,2287,566600,42.2887,-83.7401,0,NaN,NaN,NaN,10.50,NaN,0.2,200,1000,-3,64.7561,380.5,NaN,NaN,NaN,NaN
351.497,455,2287,567600,42.2887,-83.7401,0,NaN,NaN,NaN,10.50,NaN,0.2,200,1000,-4,64.7561,380.5,NaN,NaN,NaN,NaN
351.497,455,2287,568700,42.2887,-83.7401,0,NaN,NaN,NaN,10.50,NaN,0.2,200,1000,-3,64.7561,380.5,NaN,NaN,NaN,NaN
351.497,455,2287,569800,42.2887,-83.7401,0,NaN,NaN,NaN,10.50,NaN,0.2,200,1000,-5,64.7561,380.5,NaN,NaN,NaN,NaN
351.497,455,2287,570800,42.2887,-83.7401,0,NaN,NaN,NaN,10.50,NaN,0.2,200,1000,-3,64.7561,380.5,NaN,NaN,NaN,NaN
351.497,455,2287,571900,42.2887,-83.7401,0,NaN,NaN,NaN,10.50,NaN,0.2,200,1000,-4,64.7561,380.5,NaN,NaN,NaN,NaN
351.497,455,2287,573000,42.2887,-83.7401,0,NaN,NaN,NaN,10.50,NaN,0.2,200,1000,-2.5,64.7561,380.5,NaN,NaN,NaN,NaN
351.497,455,2287,574100,42.2887,-83.7401,0,NaN,NaN,NaN,10.50,NaN,0.2,200,1000,-4.5,64.7561,380.5,NaN,NaN,NaN,NaN
351.497,455,2287,575100,42.2887,-83.7401,0,NaN,NaN,NaN,10.50,NaN,0.2,200,1000,-3,64.7561,380.5,NaN,NaN,NaN,NaN
351.497,455,2287,576200,42.2887,-83.7401,0,NaN,NaN,NaN,10.50,NaN,0.2,200,1000,-4.5,64.7561,380.5,NaN,NaN,NaN,NaN
351.497,455,2287,577200,42.2887,-83.7401,0,NaN,NaN,NaN,10.50,NaN,0.2,200,1000,-2.5,64.7561,380.5,NaN,NaN,NaN,NaN
351.497,455,2287,578200,42.2887,-83.7401,0,NaN,NaN,NaN,10.50,NaN,0.2,200,1000,-4.5,64.7561,380.5,NaN,NaN,NaN,NaN
351.497,455,2287,580300,42.2887,-83.7401,0,NaN,NaN,NaN,10.50,NaN,0.2,200,1000,-6,64.7561,380.5,NaN,NaN,NaN,NaN
351.497,455,2287,581400,42.2887,-83.7401,0,NaN,NaN,NaN,10.50,NaN,0.2,200,1000,-5,64.7561,380.5,NaN,NaN,NaN,NaN
351.497,455,2287,583400,42.2887,-83.7401,0,NaN,NaN,NaN,10.50,NaN,0.2,200,1000,-3.5,64.7561,380.5,NaN,NaN,NaN,NaN
351.497,455,2287,584500,42.2887,-83.7401,0,NaN,NaN,NaN,10.50,NaN,0.2,200,1000,-4.5,64.7561,380.5,NaN,NaN,NaN,NaN
351.497,455,2287,586600,42.2887,-83.7401,0,NaN,NaN,NaN,10.50,NaN,0.2,200,1000,-5.5,64.7561,380.5,NaN,NaN,NaN,NaN
351.497,455,2287,588600,42.2887,-83.7401,0,NaN,NaN,NaN,10.50,NaN,0.2,200,1000,-4.5,64.7561,380.5,NaN,NaN,NaN,NaN
351.497,455,2287,590700,42.2887,-83.7401,0,NaN,NaN,NaN,10.50,NaN,0.2,200,1000,-3.5,64.7561,380.5,NaN,NaN,NaN,NaN
351.497,455,2287,591800,42.2887,-83.7401,0,NaN,NaN,NaN,10.50,NaN,0.2,200,1000,-5.5,64.7561,380.5,NaN,NaN,NaN,NaN
351.497,455,2287,592800,42.2887,-83.7401,0,NaN,NaN,NaN,10.50,NaN,0.2,200,1000,-4.5,64.7561,380.5,NaN,NaN,NaN,NaN
351.497,455,2287,593800,42.2887,-83.7401,0,NaN,NaN,NaN,10.50,NaN,0.2,200,1000,-8,64.7561,380.5,NaN,NaN,NaN,NaN
351.497,455,2287,593900,42.2888,-83.7401,0,NaN,NaN,NaN,10.50,NaN,0.2,200,1000,-8,64.7561,380.5,NaN,NaN,NaN,NaN
351.497,455,2287,594700,42.2888,-83.7401,7.5,NaN,NaN,NaN,10.50,NaN,0.2,200,1000,-8,64.6341,378.5,NaN,NaN,NaN,NaN
351.497,455,2287,594800,42.2888,-83.7401,7.5,NaN,NaN,NaN,10.50,NaN,0.2,200,1000,-28.5,64.6341,378.5,NaN,NaN,NaN,NaN
351.497,455,2287,595700,42.2888,-83.7401,13.2,NaN,NaN,NaN,10.50,NaN,0.2,200,1000,-28.5,64.6341,378.5,NaN,NaN,NaN,NaN
351.497,455,2287,596700,42.2888,-83.7401,19.51,NaN,NaN,NaN,10.50,NaN,0.2,200,1000,-28.5,64.6341,378.5,NaN,NaN,NaN,NaN
351.497,455,2287,596900,42.2888,-83.7401,19.51,NaN,NaN,NaN,10.50,NaN,0.2,200,1000,-45.5,64.6341,378.5,NaN,NaN,NaN,NaN
351.497,455,2287,597000,42.2888,-83.74,19.51,NaN,NaN,NaN,10.50,NaN,0.2,200,1000,-45.5,64.6341,378.5,NaN,NaN,NaN,NaN
351.497,455,2287,597800,42.2888,-83.74,24.82,NaN,NaN,NaN,10.50,NaN,0.2,200,1000,-45.5,64.6341,378.5,NaN,NaN,NaN,NaN
351.497,455,2287,597900,42.2888,-83.74,24.82,NaN,NaN,NaN,10.50,NaN,0.2,200,1000,-49.5,64.6341,378.5,NaN,NaN,NaN,NaN
351.497,455,2287,598800,42.2888,-83.74,29.39,NaN,NaN,NaN,10.50,NaN,0.2,200,1000,-49.5,64.6341,378.5,NaN,NaN,NaN,NaN
351.497,455,2287,599000,42.2888,-83.74,29.39,NaN,NaN,NaN,10.50,NaN,0.2,200,1000,-57,64.6341,378.5,NaN,NaN,NaN,NaN
351.497,455,2287,599800,42.2888,-83.74,33.45,NaN,NaN,NaN,10.50,NaN,0.2,200,1000,-57,64.6341,374.5,NaN,NaN,NaN,NaN
351.497,455,2287,600000,42.2889,-83.7398,33.45,NaN,NaN,NaN,10.50,NaN,0.2,200,1000,-61,64.6341,374.5,NaN,NaN,NaN,NaN
351.497,455,2287,600900,42.2889,-83.7398,36.21,NaN,NaN,NaN,10.50,NaN,0.2,200,1000,-61,64.6341,374.5,NaN,NaN,NaN,NaN
351.497,455,2287,601000,42.2889,-83.7398,36.21,NaN,NaN,NaN,10.50,NaN,0.2,200,1000,-45,64.6341,374.5,NaN,NaN,NaN,NaN
351.497,455,2287,601900,42.2889,-83.7398,38.61,NaN,NaN,NaN,10.50,NaN,0.2,200,1000,-45,64.6341,374.5,NaN,NaN,NaN,NaN
351.497,455,2287,602100,42.2889,-83.7398,38.61,NaN,NaN,NaN,10.50,NaN,0.2,200,1000,-45.5,64.6341,374.5,NaN,NaN,NaN,NaN
351.497,455,2287,602900,42.2891,-83.7394,38.61,NaN,NaN,NaN,10.50,NaN,0.2,200,1000,-45.5,64.6341,374.5,NaN,NaN,NaN,NaN
351.497,455,2287,603000,42.2891,-83.7394,39.98,NaN,NaN,NaN,10.50,NaN,0.2,200,1000,-45.5,64.6341,374.5,NaN,NaN,NaN,NaN
351.497,455,2287,604000,42.2891,-83.7394,41.48,NaN,NaN,NaN,10.50,NaN,0.2,200,1000,-45.5,64.6341,374.5,NaN,NaN,NaN,NaN
351.497,455,2287,604200,42.2891,-83.7394,41.48,NaN,NaN,NaN,10.50,NaN,0.2,200,1000,-42,64.6341,374.5,NaN,NaN,NaN,NaN
351.497,455,2287,604800,42.2891,-83.7394,41.48,NaN,NaN,NaN,10.50,NaN,0.2,200,1000,-42,64.6341,375.5,NaN,NaN,NaN,NaN
351.497,455,2287,605000,42.2891,-83.7394,42.09,NaN,NaN,NaN,10.50,NaN,0.2,200,1000,-42,64.6341,375.5,NaN,NaN,NaN,NaN
351.497,455,2287,606000,42.2893,-83.7391,42.09,NaN,NaN,NaN,10.50,NaN,0.2,200,1000,-42,64.6341,375.5,NaN,NaN,NaN,NaN
351.497,455,2287,606100,42.2893,-83.7391,43.57,NaN,NaN,NaN,10.50,NaN,0.2,200,1000,-42,64.6341,375.5,NaN,NaN,NaN,NaN
351.497,455,2287,606200,42.2893,-83.7391,43.57,NaN,NaN,NaN,10.50,NaN,0.2,200,1000,-44.5,64.6341,375.5,NaN,NaN,NaN,NaN
351.497,455,2287,607200,42.2893,-83.7391,44.65,NaN,NaN,NaN,10.50,NaN,0.2,200,1000,-44.5,64.6341,375.5,NaN,NaN,NaN,NaN
351.497,455,2287,607300,42.2893,-83.7391,44.65,NaN,NaN,NaN,10.50,NaN,0.2,200,1000,-41,64.6341,375.5,NaN,NaN,NaN,NaN
351.497,455,2287,608300,42.2893,-83.7391,42.58,NaN,NaN,NaN,10.50,NaN,0.2,200,1000,-41,64.6341,375.5,NaN,NaN,NaN,NaN
351.497,455,2287,608400,42.2893,-83.7391,42.58,NaN,NaN,NaN,10.50,NaN,0.2,200,1000,20,64.6341,375.5,NaN,NaN,NaN,NaN
351.497,455,2287,609000,42.2895,-83.7388,42.58,NaN,NaN,NaN,10.50,NaN,0.2,200,1000,20,64.6341,375.5,NaN,NaN,NaN,NaN
351.497,455,2287,609400,42.2895,-83.7388,40.27,NaN,NaN,NaN,10.50,NaN,0.2,200,1000,20,64.6341,375.5,NaN,NaN,NaN,NaN
351.497,455,2287,609500,42.2895,-83.7388,40.27,NaN,NaN,NaN,10.50,NaN,0.2,200,1000,17,64.6341,375.5,NaN,NaN,NaN,NaN
351.497,455,2287,609800,42.2895,-83.7388,40.27,NaN,NaN,NaN,10.50,NaN,0.2,200,1000,17,64.6341,381.5,NaN,NaN,NaN,NaN
351.497,455,2287,610400,42.2895,-83.7388,36.98,NaN,NaN,NaN,10.50,NaN,0.2,200,1000,17,64.6341,381.5,NaN,NaN,NaN,NaN
351.497,455,2287,610500,42.2895,-83.7388,36.98,NaN,NaN,NaN,10.50,NaN,0.2,200,1000,18.5,64.6341,381.5,NaN,NaN,NaN,NaN
351.497,455,2287,611400,42.2895,-83.7388,30.31,NaN,NaN,NaN,10.50,NaN,0.2,200,1000,18.5,64.6341,381.5,NaN,NaN,NaN,NaN
351.497,455,2287,611600,42.2895,-83.7388,30.31,NaN,NaN,NaN,10.50,NaN,0.2,200,1000,43.5,64.6341,381.5,NaN,NaN,NaN,NaN
351.497,455,2287,612000,42.2896,-83.7385,30.31,NaN,NaN,NaN,10.50,NaN,0.2,200,1000,43.5,64.6341,381.5,NaN,NaN,NaN,NaN
351.497,455,2287,612400,42.2896,-83.7385,25.7,NaN,NaN,NaN,10.50,NaN,0.2,200,1000,43.5,64.6341,381.5,NaN,NaN,NaN,NaN
351.497,455,2287,612600,42.2896,-83.7385,25.7,NaN,NaN,NaN,10.50,NaN,0.2,200,1000,39.5,64.6341,381.5,NaN,NaN,NaN,NaN
351.497,455,2287,613500,42.2896,-83.7385,26.56,NaN,NaN,NaN,10.50,NaN,0.2,200,1000,39.5,64.6341,381.5,NaN,NaN,NaN,NaN
351.497,455,2287,613600,42.2896,-83.7385,26.56,NaN,NaN,NaN,10.50,NaN,0.2,200,1000,-29,64.6341,381.5,NaN,NaN,NaN,NaN
351.497,455,2287,614500,42.2896,-83.7385,28.41,NaN,NaN,NaN,10.50,NaN,0.2,200,1000,-29,64.6341,381.5,NaN,NaN,NaN,NaN
351.497,455,2287,614700,42.2896,-83.7385,28.41,NaN,NaN,NaN,10.50,NaN,0.2,200,1000,-32,64.6341,381.5,NaN,NaN,NaN,NaN
351.497,455,2287,614800,42.2896,-83.7385,28.41,NaN,NaN,NaN,10.50,NaN,0.2,200,1000,-32,64.6341,377.5,NaN,NaN,NaN,NaN
351.497,455,2287,614900,42.2898,-83.7384,28.41,NaN,NaN,NaN,10.50,NaN,0.2,200,1000,-32,64.6341,377.5,NaN,NaN,NaN,NaN
351.497,455,2287,615600,42.2898,-83.7384,29.88,NaN,NaN,NaN,10.50,NaN,0.2,200,1000,-32,64.6341,377.5,NaN,NaN,NaN,NaN
351.497,455,2287,615700,42.2898,-83.7384,29.88,NaN,NaN,NaN,10.50,NaN,0.2,200,1000,-34,64.6341,377.5,NaN,NaN,NaN,NaN
351.497,455,2287,616600,42.2898,-83.7384,27.72,NaN,NaN,NaN,10.50,NaN,0.2,200,1000,-34,64.6341,377.5,NaN,NaN,NaN,NaN
351.497,455,2287,616800,42.2898,-83.7384,27.72,NaN,NaN,NaN,10.50,NaN,0.2,200,1000,12.5,64.6341,377.5,NaN,NaN,NaN,NaN
351.497,455,2287,617600,42.2898,-83.7384,25.96,NaN,NaN,NaN,10.50,NaN,0.2,200,1000,12.5,64.6341,377.5,NaN,NaN,NaN,NaN
351.497,455,2287,617800,42.2898,-83.7384,25.96,NaN,NaN,NaN,10.50,NaN,0.2,200,1000,-8.5,64.6341,377.5,NaN,NaN,NaN,NaN
351.497,455,2287,618700,42.2898,-83.7384,23.17,NaN,NaN,NaN,10.50,NaN,0.2,200,1000,-8.5,64.6341,377.5,NaN,NaN,NaN,NaN
351.497,455,2287,618800,42.2898,-83.7384,23.17,NaN,NaN,NaN,10.50,NaN,0.2,200,1000,1,64.6341,377.5,NaN,NaN,NaN,NaN
351.497,455,2287,618900,42.29,-83.7385,23.17,NaN,NaN,NaN,10.50,NaN,0.2,200,1000,1,64.6341,377.5,NaN,NaN,NaN,NaN
351.497,455,2287,619700,42.29,-83.7385,21.05,NaN,NaN,NaN,10.50,NaN,0.2,200,1000,1,64.6341,377.5,NaN,NaN,NaN,NaN
351.497,455,2287,619900,42.29,-83.7385,21.05,NaN,NaN,NaN,10.50,NaN,0.2,200,1000,-15,64.6341,380.5,NaN,NaN,NaN,NaN
351.497,455,2287,620800,42.29,-83.7385,20.35,NaN,NaN,NaN,10.50,NaN,0.2,200,1000,-15,64.6341,380.5,NaN,NaN,NaN,NaN
351.497,455,2287,620900,42.29,-83.7385,20.35,NaN,NaN,NaN,10.50,NaN,0.2,200,1000,-39,64.6341,380.5,NaN,NaN,NaN,NaN
351.497,455,2287,621800,42.29,-83.7385,21.43,NaN,NaN,NaN,10.50,NaN,0.2,200,1000,-39,64.6341,380.5,NaN,NaN,NaN,NaN
351.497,455,2287,621900,42.2902,-83.7385,21.43,NaN,NaN,NaN,10.50,NaN,0.2,200,1000,-39,64.6341,380.5,NaN,NaN,NaN,NaN
351.497,455,2287,622000,42.2902,-83.7385,21.43,NaN,NaN,NaN,10.50,NaN,0.2,200,1000,-50,64.6341,380.5,NaN,NaN,NaN,NaN
351.497,455,2287,622800,42.2902,-83.7385,24.55,NaN,NaN,NaN,10.50,NaN,0.2,200,1000,-50,64.6341,380.5,NaN,NaN,NaN,NaN
351.497,455,2287,623000,42.2902,-83.7385,24.55,NaN,NaN,NaN,10.50,NaN,0.2,200,1000,-69,64.6341,380.5,NaN,NaN,NaN,NaN
351.497,455,2287,623900,42.2902,-83.7385,27.87,NaN,NaN,NaN,10.50,NaN,0.2,200,1000,-69,64.6341,380.5,NaN,NaN,NaN,NaN
351.497,455,2287,624000,42.2903,-83.7384,27.87,NaN,NaN,NaN,10.50,NaN,0.2,200,1000,-72,64.6341,380.5,NaN,NaN,NaN,NaN
351.497,455,2287,624900,42.2903,-83.7384,30.81,NaN,NaN,NaN,10.50,NaN,0.2,200,1000,-72,64.6341,372,NaN,NaN,NaN,NaN
351.497,455,2287,625100,42.2903,-83.7384,30.81,NaN,NaN,NaN,10.50,NaN,0.2,200,1000,-76,64.6341,372,NaN,NaN,NaN,NaN
351.497,455,2287,626000,42.2903,-83.7384,33.05,NaN,NaN,NaN,10.50,NaN,0.2,200,1000,-76,64.6341,372,NaN,NaN,NaN,NaN
351.497,455,2287,626100,42.2903,-83.7384,33.05,NaN,NaN,NaN,10.50,NaN,0.2,200,1000,-74,64.6341,372,NaN,NaN,NaN,NaN
351.497,455,2287,627000,42.2903,-83.7384,35.05,NaN,NaN,NaN,10.50,NaN,0.2,200,1000,-74,64.6341,372,NaN,NaN,NaN,NaN
351.497,455,2287,627200,42.2903,-83.7384,35.05,NaN,NaN,NaN,10.50,NaN,0.2,200,1000,-71,64.6341,372,NaN,NaN,NaN,NaN
351.497,455,2287,627900,42.2906,-83.7382,35.05,NaN,NaN,NaN,10.50,NaN,0.2,200,1000,-71,64.6341,372,NaN,NaN,NaN,NaN
351.497,455,2287,628000,42.2906,-83.7382,36.4,NaN,NaN,NaN,10.50,NaN,0.2,200,1000,-71,64.6341,372,NaN,NaN,NaN,NaN
351.497,455,2287,628200,42.2906,-83.7382,36.4,NaN,NaN,NaN,10.50,NaN,0.2,200,1000,-72,64.6341,372,NaN,NaN,NaN,NaN
351.497,455,2287,629100,42.2906,-83.7382,36.58,NaN,NaN,NaN,10.50,NaN,0.2,200,1000,-72,64.6341,372,NaN,NaN,NaN,NaN
351.497,455,2287,629200,42.2906,-83.7382,36.58,NaN,NaN,NaN,10.50,NaN,0.2,200,1000,-62.5,64.6341,372,NaN,NaN,NaN,NaN
351.497,455,2287,630000,42.2906,-83.7382,36.58,NaN,NaN,NaN,10.50,NaN,0.2,200,1000,-62.5,64.6341,372.5,NaN,NaN,NaN,NaN
351.497,455,2287,630100,42.2906,-83.7382,37.61,NaN,NaN,NaN,10.50,NaN,0.2,200,1000,-62.5,64.6341,372.5,NaN,NaN,NaN,NaN
351.497,455,2287,630300,42.2906,-83.7382,37.61,NaN,NaN,NaN,10.50,NaN,0.2,200,1000,-64.5,64.6341,372.5,NaN,NaN,NaN,NaN
351.497,455,2287,631000,42.2908,-83.7381,37.61,NaN,NaN,NaN,10.50,NaN,0.2,200,1000,-64.5,64.6341,372.5,NaN,NaN,NaN,NaN
351.497,455,2287,631200,42.2908,-83.7381,38.49,NaN,NaN,NaN,10.50,NaN,0.2,200,1000,-64.5,64.6341,372.5,NaN,NaN,NaN,NaN
351.497,455,2287,631300,42.2908,-83.7381,38.49,NaN,NaN,NaN,10.50,NaN,0.2,200,1000,-34.5,64.6341,372.5,NaN,NaN,NaN,NaN
351.497,455,2287,632200,42.2908,-83.7381,39.69,NaN,NaN,NaN,10.50,NaN,0.2,200,1000,-34.5,64.6341,372.5,NaN,NaN,NaN,NaN
351.497,455,2287,632400,42.2908,-83.7381,39.69,NaN,NaN,NaN,10.50,NaN,0.2,200,1000,-43.5,64.6341,372.5,NaN,NaN,NaN,NaN
351.497,455,2287,633200,42.2908,-83.7381,40.69,NaN,NaN,NaN,10.50,NaN,0.2,200,1000,-43.5,64.6341,372.5,NaN,NaN,NaN,NaN
351.497,455,2287,633400,42.2908,-83.7381,40.69,NaN,NaN,NaN,10.50,NaN,0.2,200,1000,-42.5,64.6341,372.5,NaN,NaN,NaN,NaN
351.497,455,2287,633900,42.2911,-83.738,40.69,NaN,NaN,NaN,10.50,NaN,0.2,200,1000,-42.5,64.6341,372.5,NaN,NaN,NaN,NaN
351.497,455,2287,634300,42.2911,-83.738,41.41,NaN,NaN,NaN,10.50,NaN,0.2,200,1000,-42.5,64.6341,372.5,NaN,NaN,NaN,NaN
351.497,455,2287,634400,42.2911,-83.738,41.41,NaN,NaN,NaN,10.50,NaN,0.2,200,1000,-38,64.6341,372.5,NaN,NaN,NaN,NaN
351.497,455,2287,635000,42.2911,-83.738,41.41,NaN,NaN,NaN,10.50,NaN,0.2,200,1000,-38,64.6341,375,NaN,NaN,NaN,NaN
351.497,455,2287,635300,42.2911,-83.738,42.82,NaN,NaN,NaN,10.50,NaN,0.2,200,1000,-38,64.6341,375,NaN,NaN,NaN,NaN
351.497,455,2287,635500,42.2911,-83.738,42.82,NaN,NaN,NaN,10.50,NaN,0.2,200,1000,-31.5,64.6341,375,NaN,NaN,NaN,NaN
351.497,455,2287,636400,42.2911,-83.738,43.6,NaN,NaN,NaN,10.50,NaN,0.2,200,1000,-31.5,64.6341,375,NaN,NaN,NaN,NaN
351.497,455,2287,636500,42.2911,-83.738,43.6,NaN,NaN,NaN,10.50,NaN,0.2,200,1000,-38,64.6341,375,NaN,NaN,NaN,NaN
351.497,455,2287,636900,42.2914,-83.7379,43.6,NaN,NaN,NaN,10.50,NaN,0.2,200,1000,-38,64.6341,375,NaN,NaN,NaN,NaN
351.497,455,2287,637400,42.2914,-83.7379,44.2,NaN,NaN,NaN,10.50,NaN,0.2,200,1000,-38,64.6341,375,NaN,NaN,NaN,NaN
351.497,455,2287,637600,42.2914,-83.7379,44.2,NaN,NaN,NaN,10.50,NaN,0.2,200,1000,-26.5,64.6341,375,NaN,NaN,NaN,NaN
351.497,455,2287,638400,42.2914,-83.7379,44.04,NaN,NaN,NaN,10.50,NaN,0.2,200,1000,-26.5,64.6341,375,NaN,NaN,NaN,NaN
351.497,455,2287,638600,42.2914,-83.7379,44.04,NaN,NaN,NaN,10.50,NaN,0.2,200,1000,-21,64.6341,375,NaN,NaN,NaN,NaN
351.497,455,2287,639500,42.2914,-83.7379,43.88,NaN,NaN,NaN,10.50,NaN,0.2,200,1000,-21,64.6341,375,NaN,NaN,NaN,NaN
351.497,455,2287,639600,42.2914,-83.7379,43.88,NaN,NaN,NaN,10.50,NaN,0.2,200,1000,-3.5,64.6341,375,NaN,NaN,NaN,NaN
351.497,455,2287,640000,42.2917,-83.7378,43.88,NaN,NaN,NaN,10.50,NaN,0.2,200,1000,-3.5,64.6341,375,NaN,NaN,NaN,NaN
351.497,455,2287,640100,42.2917,-83.7378,43.88,NaN,NaN,NaN,10.50,NaN,0.2,200,1000,-3.5,64.6341,377,NaN,NaN,NaN,NaN
351.497,455,2287,640600,42.2917,-83.7378,43.54,NaN,NaN,NaN,10.50,NaN,0.2,200,1000,-3.5,64.6341,377,NaN,NaN,NaN,NaN
351.497,455,2287,640700,42.2917,-83.7378,43.54,NaN,NaN,NaN,10.50,NaN,0.2,200,1000,-7,64.6341,377,NaN,NaN,NaN,NaN
351.497,455,2287,641600,42.2917,-83.7378,42.99,NaN,NaN,NaN,10.50,NaN,0.2,200,1000,-7,64.6341,377,NaN,NaN,NaN,NaN
351.497,455,2287,642700,42.2917,-83.7378,42.01,NaN,NaN,NaN,10.50,NaN,0.2,200,1000,-7,64.6341,377,NaN,NaN,NaN,NaN
351.497,455,2287,642800,42.2917,-83.7378,42.01,NaN,NaN,NaN,10.50,NaN,0.2,200,1000,13.5,64.6341,377,NaN,NaN,NaN,NaN
351.497,455,2287,643000,42.292,-83.7377,42.01,NaN,NaN,NaN,10.50,NaN,0.2,200,1000,13.5,64.6341,377,NaN,NaN,NaN,NaN
351.497,455,2287,643800,42.292,-83.7377,43.24,NaN,NaN,NaN,10.50,NaN,0.2,200,1000,13.5,64.6341,377,NaN,NaN,NaN,NaN
351.497,455,2287,643900,42.292,-83.7377,43.24,NaN,NaN,NaN,10.50,NaN,0.2,200,1000,-44,64.6341,377,NaN,NaN,NaN,NaN
351.497,455,2287,644800,42.292,-83.7377,44.41,NaN,NaN,NaN,10.50,NaN,0.2,200,1000,-44,64.6341,377,NaN,NaN,NaN,NaN
351.497,455,2287,645000,42.292,-83.7377,44.41,NaN,NaN,NaN,10.50,NaN,0.2,200,1000,-59,64.6341,377,NaN,NaN,NaN,NaN
351.497,455,2287,645100,42.292,-83.7377,44.41,NaN,NaN,NaN,10.50,NaN,0.2,200,1000,-59,64.6341,373,NaN,NaN,NaN,NaN
351.497,455,2287,645800,42.292,-83.7377,44.89,NaN,NaN,NaN,10.50,NaN,0.2,200,1000,-59,64.6341,373,NaN,NaN,NaN,NaN
351.497,455,2287,646000,42.2922,-83.7375,44.89,NaN,NaN,NaN,10.50,NaN,0.2,200,1000,-58,64.6341,373,NaN,NaN,NaN,NaN
351.497,455,2287,646900,42.2922,-83.7375,45.22,NaN,NaN,NaN,10.50,NaN,0.2,200,1000,-58,64.6341,373,NaN,NaN,NaN,NaN
351.497,455,2287,647000,42.2922,-83.7375,45.22,NaN,NaN,NaN,10.50,NaN,0.2,200,1000,-40,64.6341,373,NaN,NaN,NaN,NaN
351.497,455,2287,647900,42.2922,-83.7375,44.21,NaN,NaN,NaN,10.50,NaN,0.2,200,1000,-40,64.6341,373,NaN,NaN,NaN,NaN
351.497,455,2287,648100,42.2922,-83.7375,44.21,NaN,NaN,NaN,10.50,NaN,0.2,200,1000,-41.5,64.6341,373,NaN,NaN,NaN,NaN
351.497,455,2287,648900,42.2925,-83.7374,44.21,NaN,NaN,NaN,10.50,NaN,0.2,200,1000,-41.5,64.6341,373,NaN,NaN,NaN,NaN
351.497,455,2287,649000,42.2925,-83.7374,43.63,NaN,NaN,NaN,10.50,NaN,0.2,200,1000,-41.5,64.6341,373,NaN,NaN,NaN,NaN
351.497,455,2287,649100,42.2925,-83.7374,43.63,NaN,NaN,NaN,10.50,NaN,0.2,200,1000,-43,64.6341,373,NaN,NaN,NaN,NaN
351.497,455,2287,650000,42.2925,-83.7374,44.5,NaN,NaN,NaN,10.50,NaN,0.2,200,1000,-43,64.6341,373,NaN,NaN,NaN,NaN
351.497,455,2287,650200,42.2925,-83.7374,44.5,NaN,NaN,NaN,10.50,NaN,0.2,200,1000,-50,64.6341,373.5,NaN,NaN,NaN,NaN
351.497,455,2287,651000,42.2925,-83.7374,45.09,NaN,NaN,NaN,10.50,NaN,0.2,200,1000,-50,64.6341,373.5,NaN,NaN,NaN,NaN
351.497,455,2287,651200,42.2925,-83.7374,45.09,NaN,NaN,NaN,10.50,NaN,0.2,200,1000,-25.5,64.6341,373.5,NaN,NaN,NaN,NaN
351.497,455,2287,651900,42.2928,-83.7373,45.09,NaN,NaN,NaN,10.50,NaN,0.2,200,1000,-25.5,64.6341,373.5,NaN,NaN,NaN,NaN
351.497,455,2287,652100,42.2928,-83.7373,43.46,NaN,NaN,NaN,10.50,NaN,0.2,200,1000,-25.5,64.6341,373.5,NaN,NaN,NaN,NaN
351.497,455,2287,652200,42.2928,-83.7373,43.46,NaN,NaN,NaN,10.50,NaN,0.2,200,1000,-6,64.6341,373.5,NaN,NaN,NaN,NaN
351.497,455,2287,653100,42.2928,-83.7373,43.81,NaN,NaN,NaN,10.50,NaN,0.2,200,1000,-6,64.6341,373.5,NaN,NaN,NaN,NaN
351.497,455,2287,653300,42.2928,-83.7373,43.81,NaN,NaN,NaN,10.50,NaN,0.2,200,1000,-35.5,64.6341,373.5,NaN,NaN,NaN,NaN
351.497,455,2287,654200,42.2928,-83.7373,44.45,NaN,NaN,NaN,10.50,NaN,0.2,200,1000,-35.5,64.6341,373.5,NaN,NaN,NaN,NaN
351.497,455,2287,654300,42.2928,-83.7373,44.45,NaN,NaN,NaN,10.50,NaN,0.2,200,1000,-41.5,64.6341,373.5,NaN,NaN,NaN,NaN
351.497,455,2287,654600,42.2928,-83.7373,44.45,NaN,NaN,NaN,10.50,NaN,0.2,200,1000,-41.5,63.4146,373.5,NaN,NaN,NaN,NaN
351.497,455,2287,655000,42.2931,-83.7371,44.45,NaN,NaN,NaN,11.00,NaN,0.2,200,1000,-41.5,63.4146,373.5,NaN,NaN,NaN,NaN
351.497,455,2287,655200,42.2931,-83.7371,46.54,NaN,NaN,NaN,11.00,NaN,0.2,200,1000,-41.5,63.4146,374,NaN,NaN,NaN,NaN
351.497,455,2287,655400,42.2931,-83.7371,46.54,NaN,NaN,NaN,11.00,NaN,0.2,200,1000,-45,63.4146,374,NaN,NaN,NaN,NaN
351.497,455,2287,656200,42.2931,-83.7371,47.18,NaN,NaN,NaN,11.00,NaN,0.2,200,1000,-45,63.4146,374,NaN,NaN,NaN,NaN
351.497,455,2287,656400,42.2931,-83.7371,47.18,NaN,NaN,NaN,11.00,NaN,0.2,200,1000,-41.5,63.4146,374,NaN,NaN,NaN,NaN
351.497,455,2287,657300,42.2931,-83.7371,48.72,NaN,NaN,NaN,11.00,NaN,0.2,200,1000,-41.5,63.4146,374,NaN,NaN,NaN,NaN
351.497,455,2287,657400,42.2931,-83.7371,48.72,NaN,NaN,NaN,11.00,NaN,0.2,200,1000,-46.5,63.4146,374,NaN,NaN,NaN,NaN
351.497,455,2287,658000,42.2934,-83.7368,48.72,NaN,NaN,NaN,11.00,NaN,0.2,200,1000,-46.5,63.4146,374,NaN,NaN,NaN,NaN
351.497,455,2287,658300,42.2934,-83.7368,47.78,NaN,NaN,NaN,11.00,NaN,0.2,200,1000,-46.5,63.4146,374,NaN,NaN,NaN,NaN
351.497,455,2287,658500,42.2934,-83.7368,47.78,NaN,NaN,NaN,11.00,NaN,0.2,200,1000,17.5,63.4146,374,NaN,NaN,NaN,NaN
351.497,455,2287,659400,42.2934,-83.7368,48.31,NaN,NaN,NaN,11.00,NaN,0.2,200,1000,17.5,63.4146,374,NaN,NaN,NaN,NaN
351.497,455,2287,659500,42.2934,-83.7368,48.31,NaN,NaN,NaN,11.00,NaN,0.2,200,1000,-25,63.4146,374,NaN,NaN,NaN,NaN
351.497,455,2287,660200,42.2934,-83.7368,48.31,NaN,NaN,NaN,11.00,NaN,0.2,200,1000,-25,63.4146,375.5,NaN,NaN,NaN,NaN
351.497,455,2287,660400,42.2934,-83.7368,48.86,NaN,NaN,NaN,11.00,NaN,0.2,200,1000,-25,63.4146,375.5,NaN,NaN,NaN,NaN
351.497,455,2287,660600,42.2934,-83.7368,48.86,NaN,NaN,NaN,11.00,NaN,0.2,200,1000,-6,63.4146,375.5,NaN,NaN,NaN,NaN
351.497,455,2287,660900,42.2937,-83.7366,48.86,NaN,NaN,NaN,11.00,NaN,0.2,200,1000,-6,63.4146,375.5,NaN,NaN,NaN,NaN
351.497,455,2287,661400,42.2937,-83.7366,50.14,NaN,NaN,NaN,11.00,NaN,0.2,200,1000,-6,63.4146,375.5,NaN,NaN,NaN,NaN
351.497,455,2287,661600,42.2937,-83.7366,50.14,NaN,NaN,NaN,11.00,NaN,0.2,200,1000,-27,63.4146,375.5,NaN,NaN,NaN,NaN
351.497,455,2287,662500,42.2937,-83.7366,48.47,NaN,NaN,NaN,11.00,NaN,0.2,200,1000,-27,63.4146,375.5,NaN,NaN,NaN,NaN
351.497,455,2287,662600,42.2937,-83.7366,48.47,NaN,NaN,NaN,11.00,NaN,0.2,200,1000,21.5,63.4146,375.5,NaN,NaN,NaN,NaN
351.497,455,2287,663500,42.2937,-83.7366,45.58,NaN,NaN,NaN,11.00,NaN,0.2,200,1000,21.5,63.4146,375.5,NaN,NaN,NaN,NaN
351.497,455,2287,663700,42.2937,-83.7366,45.58,NaN,NaN,NaN,11.00,NaN,0.2,200,1000,24.5,63.4146,375.5,NaN,NaN,NaN,NaN
351.497,455,2287,664000,42.294,-83.7363,45.58,NaN,NaN,NaN,11.00,NaN,0.2,200,1000,24.5,63.4146,375.5,NaN,NaN,NaN,NaN
351.497,455,2287,664600,42.294,-83.7363,40.76,NaN,NaN,NaN,11.00,NaN,0.2,200,1000,24.5,63.4146,375.5,NaN,NaN,NaN,NaN
351.497,455,2287,664700,42.294,-83.7363,40.76,NaN,NaN,NaN,11.00,NaN,0.2,200,1000,20,63.4146,375.5,NaN,NaN,NaN,NaN
351.497,455,2287,665300,42.294,-83.7363,40.76,NaN,NaN,NaN,11.00,NaN,0.2,200,1000,20,63.4146,380.5,NaN,NaN,NaN,NaN
351.497,455,2287,665600,42.294,-83.7363,36.71,NaN,NaN,NaN,11.00,NaN,0.2,200,1000,20,63.4146,380.5,NaN,NaN,NaN,NaN
351.497,455,2287,665800,42.294,-83.7363,36.71,NaN,NaN,NaN,11.00,NaN,0.2,200,1000,18.5,63.4146,380.5,NaN,NaN,NaN,NaN
351.497,455,2287,666600,42.294,-83.7363,33.45,NaN,NaN,NaN,11.00,NaN,0.2,200,1000,18.5,63.4146,380.5,NaN,NaN,NaN,NaN
351.497,455,2287,666800,42.294,-83.7363,33.45,NaN,NaN,NaN,11.00,NaN,0.2,200,1000,15.5,63.4146,380.5,NaN,NaN,NaN,NaN
351.497,455,2287,667000,42.2942,-83.7361,33.45,NaN,NaN,NaN,11.00,NaN,0.2,200,1000,15.5,63.4146,380.5,NaN,NaN,NaN,NaN
351.497,455,2287,667700,42.2942,-83.7361,34.87,NaN,NaN,NaN,11.00,NaN,0.2,200,1000,15.5,63.4146,380.5,NaN,NaN,NaN,NaN
351.497,455,2287,667800,42.2942,-83.7361,34.87,NaN,NaN,NaN,11.00,NaN,0.2,200,1000,-62,63.4146,380.5,NaN,NaN,NaN,NaN
351.497,455,2287,668700,42.2942,-83.7361,38.21,NaN,NaN,NaN,11.00,NaN,0.2,200,1000,-62,63.4146,380.5,NaN,NaN,NaN,NaN
351.497,455,2287,668900,42.2942,-83.7361,38.21,NaN,NaN,NaN,11.00,NaN,0.2,200,1000,-64,63.4146,380.5,NaN,NaN,NaN,NaN
351.497,455,2287,669800,42.2942,-83.7361,39.29,NaN,NaN,NaN,11.00,NaN,0.2,200,1000,-64,63.4146,380.5,NaN,NaN,NaN,NaN
351.497,455,2287,669900,42.2942,-83.7361,39.29,NaN,NaN,NaN,11.00,NaN,0.2,200,1000,-29,63.4146,380.5,NaN,NaN,NaN,NaN
351.497,455,2287,670000,42.2944,-83.7358,39.29,NaN,NaN,NaN,11.00,NaN,0.2,200,1000,-29,63.4146,380.5,NaN,NaN,NaN,NaN
351.497,455,2287,670300,42.2944,-83.7358,39.29,NaN,NaN,NaN,11.00,NaN,0.2,200,1000,-29,63.4146,375,NaN,NaN,NaN,NaN
351.497,455,2287,670800,42.2944,-83.7358,39.66,NaN,NaN,NaN,11.00,NaN,0.2,200,1000,-29,63.4146,375,NaN,NaN,NaN,NaN
351.497,455,2287,671000,42.2944,-83.7358,39.66,NaN,NaN,NaN,11.00,NaN,0.2,200,1000,-47.5,63.4146,375,NaN,NaN,NaN,NaN
351.497,455,2287,671800,42.2944,-83.7358,41.7,NaN,NaN,NaN,11.00,NaN,0.2,200,1000,-47.5,63.4146,375,NaN,NaN,NaN,NaN
351.497,455,2287,672000,42.2944,-83.7358,41.7,NaN,NaN,NaN,11.00,NaN,0.2,200,1000,-62,63.4146,375,NaN,NaN,NaN,NaN
351.497,455,2287,672900,42.2944,-83.7358,44.08,NaN,NaN,NaN,11.00,NaN,0.2,200,1000,-62,63.4146,375,NaN,NaN,NaN,NaN
351.497,455,2287,673000,42.2947,-83.7356,44.08,NaN,NaN,NaN,11.00,NaN,0.2,200,1000,-63.5,63.4146,375,NaN,NaN,NaN,NaN
351.497,455,2287,673900,42.2947,-83.7356,45.98,NaN,NaN,NaN,11.00,NaN,0.2,200,1000,-63.5,63.4146,375,NaN,NaN,NaN,NaN
351.497,455,2287,674100,42.2947,-83.7356,45.98,NaN,NaN,NaN,11.00,NaN,0.2,200,1000,-65,63.4146,375,NaN,NaN,NaN,NaN
351.497,455,2287,675000,42.2947,-83.7356,45.27,NaN,NaN,NaN,11.00,NaN,0.2,200,1000,-65,63.4146,375,NaN,NaN,NaN,NaN
351.497,455,2287,675100,42.2947,-83.7356,45.27,NaN,NaN,NaN,11.00,NaN,0.2,200,1000,17.5,63.4146,375,NaN,NaN,NaN,NaN
351.497,455,2287,675400,42.2947,-83.7356,45.27,NaN,NaN,NaN,11.00,NaN,0.2,200,1000,17.5,63.4146,378,NaN,NaN,NaN,NaN
351.497,455,2287,676100,42.2947,-83.7356,42.65,NaN,NaN,NaN,11.00,NaN,0.2,200,1000,17.5,63.4146,378,NaN,NaN,NaN,NaN
351.497,455,2287,676200,42.2947,-83.7356,42.65,NaN,NaN,NaN,11.00,NaN,0.2,200,1000,18,63.4146,378,NaN,NaN,NaN,NaN
351.497,455,2287,676900,42.295,-83.7352,42.65,NaN,NaN,NaN,11.00,NaN,0.2,200,1000,18,63.4146,378,NaN,NaN,NaN,NaN
351.497,455,2287,677200,42.295,-83.7352,39.58,NaN,NaN,NaN,11.00,NaN,0.2,200,1000,18,63.4146,378,NaN,NaN,NaN,NaN
351.497,455,2287,677300,42.295,-83.7352,39.58,NaN,NaN,NaN,11.00,NaN,0.2,200,1000,6,63.4146,378,NaN,NaN,NaN,NaN
351.497,455,2287,678200,42.295,-83.7352,36.77,NaN,NaN,NaN,11.00,NaN,0.2,200,1000,6,63.4146,378,NaN,NaN,NaN,NaN
351.497,455,2287,678400,42.295,-83.7352,36.77,NaN,NaN,NaN,11.00,NaN,0.2,200,1000,-23,63.4146,378,NaN,NaN,NaN,NaN
351.497,455,2287,679300,42.295,-83.7352,33.51,NaN,NaN,NaN,11.00,NaN,0.2,200,1000,-23,63.4146,378,NaN,NaN,NaN,NaN
351.497,455,2287,679400,42.295,-83.7352,33.51,NaN,NaN,NaN,11.00,NaN,0.2,200,1000,17,63.4146,378,NaN,NaN,NaN,NaN
351.497,455,2287,679900,42.2952,-83.735,33.51,NaN,NaN,NaN,11.00,NaN,0.2,200,1000,17,63.4146,378,NaN,NaN,NaN,NaN
351.497,455,2287,680400,42.2952,-83.735,37.42,NaN,NaN,NaN,11.00,NaN,0.2,200,1000,-59.5,63.4146,380,NaN,NaN,NaN,NaN
351.497,455,2287,681400,42.2952,-83.735,41.13,NaN,NaN,NaN,11.00,NaN,0.2,200,1000,-59.5,63.4146,380,NaN,NaN,NaN,NaN
351.497,455,2287,681500,42.2952,-83.735,41.13,NaN,NaN,NaN,11.00,NaN,0.2,200,1000,-83,63.4146,380,NaN,NaN,NaN,NaN
351.497,455,2287,682400,42.2952,-83.735,43.97,NaN,NaN,NaN,11.00,NaN,0.2,200,1000,-83,63.4146,380,NaN,NaN,NaN,NaN
351.497,455,2287,682500,42.2952,-83.735,43.97,NaN,NaN,NaN,11.00,NaN,0.2,200,1000,-74.5,63.4146,380,NaN,NaN,NaN,NaN
351.497,455,2287,682900,42.2955,-83.7347,43.97,NaN,NaN,NaN,11.00,NaN,0.2,200,1000,-74.5,63.4146,380,NaN,NaN,NaN,NaN
351.497,455,2287,683500,42.2955,-83.7347,45.51,NaN,NaN,NaN,11.00,NaN,0.2,200,1000,-74.5,63.4146,380,NaN,NaN,NaN,NaN
351.497,455,2287,683600,42.2955,-83.7347,45.51,NaN,NaN,NaN,11.00,NaN,0.2,200,1000,-45,63.4146,380,NaN,NaN,NaN,NaN
351.497,455,2287,684500,42.2955,-83.7347,46.35,NaN,NaN,NaN,11.00,NaN,0.2,200,1000,-45,63.4146,380,NaN,NaN,NaN,NaN
351.497,455,2287,684600,42.2955,-83.7347,46.35,NaN,NaN,NaN,11.00,NaN,0.2,200,1000,-45.5,63.4146,380,NaN,NaN,NaN,NaN
351.497,455,2287,685400,42.2955,-83.7347,46.35,NaN,NaN,NaN,11.00,NaN,0.2,200,1000,-45.5,63.4146,373,NaN,NaN,NaN,NaN
351.497,455,2287,685600,42.2955,-83.7347,46.98,NaN,NaN,NaN,11.00,NaN,0.2,200,1000,-38.5,63.4146,373,NaN,NaN,NaN,NaN
351.497,455,2287,686000,42.2957,-83.7345,46.98,NaN,NaN,NaN,11.00,NaN,0.2,200,1000,-38.5,63.4146,373,NaN,NaN,NaN,NaN
351.497,455,2287,686600,42.2957,-83.7345,44.57,NaN,NaN,NaN,11.00,NaN,0.2,200,1000,-38.5,63.4146,373,NaN,NaN,NaN,NaN
351.497,455,2287,686700,42.2957,-83.7345,44.57,NaN,NaN,NaN,11.00,NaN,0.2,200,1000,22,63.4146,373,NaN,NaN,NaN,NaN
351.497,455,2287,687600,42.2957,-83.7345,41.04,NaN,NaN,NaN,11.00,NaN,0.2,200,1000,22,63.4146,373,NaN,NaN,NaN,NaN
351.497,455,2287,687700,42.2957,-83.7345,41.04,NaN,NaN,NaN,11.00,NaN,0.2,200,1000,21,63.4146,373,NaN,NaN,NaN,NaN
351.497,455,2287,688700,42.2957,-83.7345,33.1,NaN,NaN,NaN,11.00,NaN,0.2,200,1000,21,63.4146,373,NaN,NaN,NaN,NaN
351.497,455,2287,688800,42.2957,-83.7345,33.1,NaN,NaN,NaN,11.00,NaN,0.2,200,1000,68,63.4146,373,NaN,NaN,NaN,NaN
351.497,455,2287,689000,42.2959,-83.7342,33.1,NaN,NaN,NaN,11.00,NaN,0.2,200,1000,68,63.4146,373,NaN,NaN,NaN,NaN
351.497,455,2287,689700,42.2959,-83.7342,27.15,NaN,NaN,NaN,11.00,NaN,0.2,200,1000,68,63.4146,373,NaN,NaN,NaN,NaN
351.497,455,2287,689800,42.2959,-83.7342,27.15,NaN,NaN,NaN,11.00,NaN,0.2,200,1000,25,63.4146,373,NaN,NaN,NaN,NaN
351.497,455,2287,690400,42.2959,-83.7342,27.15,NaN,NaN,NaN,11.00,NaN,0.2,200,1000,25,63.4146,381,NaN,NaN,NaN,NaN
351.497,455,2287,690800,42.2959,-83.7342,23.61,NaN,NaN,NaN,11.00,NaN,0.2,200,1000,8.5,63.4146,381,NaN,NaN,NaN,NaN
351.497,455,2287,691800,42.2959,-83.7342,21.42,NaN,NaN,NaN,11.00,NaN,0.2,200,1000,8.5,63.4146,381,NaN,NaN,NaN,NaN
351.497,455,2287,691900,42.2961,-83.7341,21.42,NaN,NaN,NaN,11.00,NaN,0.2,200,1000,-14,63.4146,381,NaN,NaN,NaN,NaN
351.497,455,2287,692800,42.2961,-83.7341,22.27,NaN,NaN,NaN,11.00,NaN,0.2,200,1000,-14,63.4146,381,NaN,NaN,NaN,NaN
351.497,455,2287,692900,42.2961,-83.7341,22.27,NaN,NaN,NaN,11.00,NaN,0.2,200,1000,-24,63.4146,381,NaN,NaN,NaN,NaN
351.497,455,2287,693900,42.2961,-83.7341,22.61,NaN,NaN,NaN,11.00,NaN,0.2,200,1000,-24,63.4146,381,NaN,NaN,NaN,NaN
351.497,455,2287,694000,42.2961,-83.7341,22.61,NaN,NaN,NaN,11.00,NaN,0.2,200,1000,-27.5,63.4146,381,NaN,NaN,NaN,NaN
351.497,455,2287,694900,42.2962,-83.7343,23.45,NaN,NaN,NaN,11.00,NaN,0.2,200,1000,-27.5,63.4146,381,NaN,NaN,NaN,NaN
351.497,455,2287,695500,42.2962,-83.7343,23.45,NaN,NaN,NaN,11.00,NaN,0.2,200,1000,-27.5,63.4146,375.5,NaN,NaN,NaN,NaN
351.497,455,2287,696000,42.2962,-83.7343,23.72,NaN,NaN,NaN,11.00,NaN,0.2,200,1000,5.5,63.4146,375.5,NaN,NaN,NaN,NaN
351.497,455,2287,697000,42.2962,-83.7343,21.28,NaN,NaN,NaN,11.00,NaN,0.2,200,1000,5.5,63.4146,375.5,NaN,NaN,NaN,NaN
351.497,455,2287,697100,42.2962,-83.7343,21.28,NaN,NaN,NaN,11.00,NaN,0.2,200,1000,7,63.4146,375.5,NaN,NaN,NaN,NaN
351.497,455,2287,698000,42.2962,-83.7344,19.05,NaN,NaN,NaN,11.00,NaN,0.2,200,1000,7,63.4146,375.5,NaN,NaN,NaN,NaN
351.497,455,2287,698100,42.2962,-83.7344,19.05,NaN,NaN,NaN,11.00,NaN,0.2,200,1000,5.5,63.4146,375.5,NaN,NaN,NaN,NaN
351.497,455,2287,699100,42.2962,-83.7344,14.14,NaN,NaN,NaN,11.00,NaN,0.2,200,1000,5.5,63.4146,375.5,NaN,NaN,NaN,NaN
351.497,455,2287,699200,42.2962,-83.7344,14.14,NaN,NaN,NaN,11.00,NaN,0.2,200,1000,20.5,63.4146,375.5,NaN,NaN,NaN,NaN
351.497,455,2287,700100,42.2962,-83.7344,6.21,NaN,NaN,NaN,11.00,NaN,0.2,200,1000,20.5,63.4146,375.5,NaN,NaN,NaN,NaN
351.497,455,2287,700200,42.2962,-83.7344,6.21,NaN,NaN,NaN,11.00,NaN,0.2,200,1000,-2,63.4146,375.5,NaN,NaN,NaN,NaN
351.497,455,2287,700700,42.2962,-83.7344,0,NaN,NaN,NaN,11.00,NaN,0.2,200,1000,-2,62.9268,375.5,NaN,NaN,NaN,NaN
351.497,455,2287,700800,42.2962,-83.7344,0,NaN,NaN,NaN,11.00,NaN,0.2,200,1000,-4.5,62.9268,378.5,NaN,NaN,NaN,NaN
351.497,455,2287,701100,42.2962,-83.7344,0,NaN,NaN,NaN,10.50,NaN,0.2,200,1000,-4.5,62.9268,378.5,NaN,NaN,NaN,NaN
351.497,455,2287,701300,42.2962,-83.7344,0,NaN,NaN,NaN,10.50,NaN,0.2,200,750,-4.5,62.9268,378.5,NaN,NaN,NaN,NaN
351.497,455,2287,702900,42.2962,-83.7344,0,NaN,NaN,NaN,10.50,NaN,0.2,200,750,-3,62.9268,378.5,NaN,NaN,NaN,NaN
351.497,455,2287,704000,42.2962,-83.7344,0,NaN,NaN,NaN,10.50,NaN,0.2,200,750,-3.5,62.9268,378.5,NaN,NaN,NaN,NaN
351.497,455,2287,705000,42.2962,-83.7344,0,NaN,NaN,NaN,10.50,NaN,0.2,200,750,-5,62.9268,378.5,NaN,NaN,NaN,NaN
351.497,455,2287,706000,42.2962,-83.7344,0,NaN,NaN,NaN,10.50,NaN,0.2,200,750,-3.5,62.9268,378.5,NaN,NaN,NaN,NaN
351.497,455,2287,707100,42.2962,-83.7344,0,NaN,NaN,NaN,10.50,NaN,0.2,200,750,-4,62.9268,378.5,NaN,NaN,NaN,NaN
351.497,455,2287,708100,42.2962,-83.7344,0,NaN,NaN,NaN,10.50,NaN,0.2,200,750,-3.5,62.9268,378.5,NaN,NaN,NaN,NaN
351.497,455,2287,709200,42.2962,-83.7344,0,NaN,NaN,NaN,10.50,NaN,0.2,200,750,-2,62.9268,378.5,NaN,NaN,NaN,NaN
351.497,455,2287,711200,42.2962,-83.7344,0,NaN,NaN,NaN,10.50,NaN,0.2,200,750,-4,62.9268,378.5,NaN,NaN,NaN,NaN
351.497,455,2287,712300,42.2962,-83.7344,0,NaN,NaN,NaN,10.50,NaN,0.2,200,750,-3.5,62.9268,378.5,NaN,NaN,NaN,NaN
351.497,455,2287,713400,42.2962,-83.7344,0,NaN,NaN,NaN,10.50,NaN,0.2,200,750,-4,62.9268,378.5,NaN,NaN,NaN,NaN
351.497,455,2287,714500,42.2962,-83.7344,0,NaN,NaN,NaN,10.50,NaN,0.2,200,750,-3,62.9268,378.5,NaN,NaN,NaN,NaN
351.497,455,2287,715500,42.2962,-83.7344,0,NaN,NaN,NaN,10.50,NaN,0.2,200,750,-4,62.9268,378.5,NaN,NaN,NaN,NaN
351.497,455,2287,716600,42.2962,-83.7344,0,NaN,NaN,NaN,10.50,NaN,0.2,200,750,-3,62.9268,378.5,NaN,NaN,NaN,NaN
351.497,455,2287,717600,42.2962,-83.7344,0,NaN,NaN,NaN,10.50,NaN,0.2,200,750,-3.5,62.9268,378.5,NaN,NaN,NaN,NaN
351.497,455,2287,718600,42.2962,-83.7344,0,NaN,NaN,NaN,10.50,NaN,0.2,200,750,-2,62.9268,378.5,NaN,NaN,NaN,NaN
351.497,455,2287,719700,42.2962,-83.7344,0,NaN,NaN,NaN,10.50,NaN,0.2,200,750,-3.5,62.9268,378.5,NaN,NaN,NaN,NaN
351.497,455,2287,721800,42.2962,-83.7344,0,NaN,NaN,NaN,10.50,NaN,0.2,200,750,-5,62.9268,378.5,NaN,NaN,NaN,NaN
351.497,455,2287,722800,42.2962,-83.7344,0,NaN,NaN,NaN,10.50,NaN,0.2,200,750,-3.5,62.9268,378.5,NaN,NaN,NaN,NaN
351.497,455,2287,723800,42.2962,-83.7344,0,NaN,NaN,NaN,10.50,NaN,0.2,200,750,-4.5,62.9268,378.5,NaN,NaN,NaN,NaN
351.497,455,2287,724900,42.2962,-83.7344,0,NaN,NaN,NaN,10.50,NaN,0.2,200,750,-3,62.9268,378.5,NaN,NaN,NaN,NaN
351.497,455,2287,725900,42.2962,-83.7344,0,NaN,NaN,NaN,10.50,NaN,0.2,200,750,-3.5,62.9268,378.5,NaN,NaN,NaN,NaN
351.497,455,2287,727000,42.2962,-83.7344,0,NaN,NaN,NaN,10.50,NaN,0.2,200,750,-4.5,62.9268,378.5,NaN,NaN,NaN,NaN
351.497,455,2287,727900,42.2963,-83.7346,0,NaN,NaN,NaN,10.50,NaN,0.2,200,750,-4.5,62.9268,378.5,NaN,NaN,NaN,NaN
351.497,455,2287,729000,42.2963,-83.7346,0,NaN,NaN,NaN,10.50,NaN,0.2,200,750,-5.5,62.9268,378.5,NaN,NaN,NaN,NaN
351.497,455,2287,730100,42.2963,-83.7346,0,NaN,NaN,NaN,10.50,NaN,0.2,200,750,-4.5,62.9268,378.5,NaN,NaN,NaN,NaN
351.497,455,2287,731000,42.2963,-83.7346,0,NaN,NaN,NaN,10.50,NaN,0.2,200,750,-4.5,62.9268,379,NaN,NaN,NaN,NaN
351.497,455,2287,731100,42.2963,-83.7346,0,NaN,NaN,NaN,10.50,NaN,0.2,200,750,-5,62.9268,379,NaN,NaN,NaN,NaN
351.497,455,2287,732200,42.2963,-83.7346,0,NaN,NaN,NaN,10.50,NaN,0.2,200,750,-3.5,62.9268,379,NaN,NaN,NaN,NaN
351.497,455,2287,733200,42.2963,-83.7346,0,NaN,NaN,NaN,10.50,NaN,0.2,200,750,-5,62.9268,379,NaN,NaN,NaN,NaN
351.497,455,2287,734200,42.2963,-83.7346,0,NaN,NaN,NaN,10.50,NaN,0.2,200,750,-3.5,62.9268,379,NaN,NaN,NaN,NaN
351.497,455,2287,735300,42.2963,-83.7346,0,NaN,NaN,NaN,10.50,NaN,0.2,200,750,-6.5,62.9268,379,NaN,NaN,NaN,NaN
351.497,455,2287,736300,42.2963,-83.7346,0,NaN,NaN,NaN,10.50,NaN,0.2,200,750,-5,62.9268,379,NaN,NaN,NaN,NaN
351.497,455,2287,738400,42.2963,-83.7346,0,NaN,NaN,NaN,10.50,NaN,0.2,200,750,-3.5,62.9268,379,NaN,NaN,NaN,NaN
351.497,455,2287,742600,42.2963,-83.7346,0,NaN,NaN,NaN,10.50,NaN,0.2,200,750,-5,62.9268,379,NaN,NaN,NaN,NaN
351.497,455,2287,744600,42.2963,-83.7346,0,NaN,NaN,NaN,10.50,NaN,0.2,200,750,-4.5,62.9268,379,NaN,NaN,NaN,NaN
351.497,455,2287,745700,42.2963,-83.7346,0,NaN,NaN,NaN,10.50,NaN,0.2,200,750,-3,62.9268,379,NaN,NaN,NaN,NaN
351.497,455,2287,746800,42.2963,-83.7346,0,NaN,NaN,NaN,10.50,NaN,0.2,200,750,-4,62.9268,379,NaN,NaN,NaN,NaN
351.497,455,2287,747800,42.2963,-83.7346,0,NaN,NaN,NaN,10.50,NaN,0.2,200,750,-4.5,62.9268,379,NaN,NaN,NaN,NaN
351.497,455,2287,748900,42.2963,-83.7346,0,NaN,NaN,NaN,10.50,NaN,0.2,200,750,-5,62.9268,379,NaN,NaN,NaN,NaN
351.497,455,2287,750000,42.2963,-83.7346,0,NaN,NaN,NaN,10.50,NaN,0.2,200,750,-3,62.9268,379,NaN,NaN,NaN,NaN
351.497,455,2287,751000,42.2963,-83.7346,0,NaN,NaN,NaN,10.50,NaN,0.2,200,750,-4,62.9268,379,NaN,NaN,NaN,NaN
351.497,455,2287,752000,42.2963,-83.7346,0,NaN,NaN,NaN,10.50,NaN,0.2,200,750,-3.5,62.9268,379,NaN,NaN,NaN,NaN
351.497,455,2287,753100,42.2963,-83.7346,0,NaN,NaN,NaN,10.50,NaN,0.2,200,750,-4,62.9268,379,NaN,NaN,NaN,NaN
351.497,455,2287,754100,42.2963,-83.7346,0,NaN,NaN,NaN,10.50,NaN,0.2,200,750,-2.5,62.9268,379,NaN,NaN,NaN,NaN
351.497,455,2287,758000,42.2963,-83.7346,0,NaN,NaN,NaN,10.50,NaN,0.2,200,750,-2.5,62.9268,379,NaN,NaN,NaN,NaN
351.497,455,2287,758300,42.2963,-83.7346,0,NaN,NaN,NaN,10.50,NaN,0.2,200,750,-3.5,62.9268,379,NaN,NaN,NaN,NaN
351.497,455,2287,760400,42.2963,-83.7346,0,NaN,NaN,NaN,10.50,NaN,0.2,200,750,-4,62.9268,379,NaN,NaN,NaN,NaN
351.497,455,2287,760700,42.2963,-83.7346,0,NaN,NaN,NaN,10.50,NaN,0.2,200,750,-4,62.6829,379,NaN,NaN,NaN,NaN
351.497,455,2287,761300,42.2963,-83.7346,0,NaN,NaN,NaN,10.50,NaN,0.2,200,1000,-4,62.6829,379,NaN,NaN,NaN,NaN
351.497,455,2287,761400,42.2963,-83.7346,0,NaN,NaN,NaN,10.50,NaN,0.2,200,1000,-2.5,62.6829,379,NaN,NaN,NaN,NaN
351.497,455,2287,762400,42.2963,-83.7346,0,NaN,NaN,NaN,10.50,NaN,0.2,200,1000,-3,62.6829,379,NaN,NaN,NaN,NaN
351.497,455,2287,763500,42.2963,-83.7346,0,NaN,NaN,NaN,10.50,NaN,0.2,200,1000,-2,62.6829,379,NaN,NaN,NaN,NaN
351.497,455,2287,764500,42.2963,-83.7346,0,NaN,NaN,NaN,10.50,NaN,0.2,200,1000,-4.5,62.6829,379,NaN,NaN,NaN,NaN
351.497,455,2287,765600,42.2963,-83.7346,0,NaN,NaN,NaN,10.50,NaN,0.2,200,1000,-4,62.6829,379,NaN,NaN,NaN,NaN
351.497,455,2287,766600,42.2963,-83.7346,0,NaN,NaN,NaN,10.50,NaN,0.2,200,1000,-5,62.6829,379,NaN,NaN,NaN,NaN
351.497,455,2287,767600,42.2963,-83.7346,0,NaN,NaN,NaN,10.50,NaN,0.2,200,1000,-3.5,62.6829,379,NaN,NaN,NaN,NaN
351.497,455,2287,768700,42.2963,-83.7346,0,NaN,NaN,NaN,10.50,NaN,0.2,200,1000,-4,62.6829,379,NaN,NaN,NaN,NaN
351.497,455,2287,769700,42.2963,-83.7346,0,NaN,NaN,NaN,10.50,NaN,0.2,200,1000,-3,62.6829,379,NaN,NaN,NaN,NaN
351.497,455,2287,770800,42.2963,-83.7346,0,NaN,NaN,NaN,10.50,NaN,0.2,200,1000,-3.5,62.6829,379,NaN,NaN,NaN,NaN
351.497,455,2287,771800,42.2963,-83.7346,0,NaN,NaN,NaN,10.50,NaN,0.2,200,1000,-4,62.6829,379,NaN,NaN,NaN,NaN
351.497,455,2287,772800,42.2963,-83.7346,0,NaN,NaN,NaN,10.50,NaN,0.2,200,1000,-4.5,62.6829,379,NaN,NaN,NaN,NaN
351.497,455,2287,773900,42.2963,-83.7346,0,NaN,NaN,NaN,10.50,NaN,0.2,200,1000,-5.5,62.6829,379,NaN,NaN,NaN,NaN
351.497,455,2287,774900,42.2963,-83.7346,0,NaN,NaN,NaN,10.50,NaN,0.2,200,1000,-4.5,62.6829,379,NaN,NaN,NaN,NaN
351.497,455,2287,776000,42.2963,-83.7346,0,NaN,NaN,NaN,10.50,NaN,0.2,200,1000,-5,62.6829,379,NaN,NaN,NaN,NaN
351.497,455,2287,777000,42.2963,-83.7346,0,NaN,NaN,NaN,10.50,NaN,0.2,200,1000,-3.5,62.6829,379,NaN,NaN,NaN,NaN
351.497,455,2287,778000,42.2963,-83.7346,0,NaN,NaN,NaN,10.50,NaN,0.2,200,1000,-4.5,62.6829,379,NaN,NaN,NaN,NaN
351.497,455,2287,779100,42.2963,-83.7346,0,NaN,NaN,NaN,10.50,NaN,0.2,200,1000,-4,62.6829,379,NaN,NaN,NaN,NaN
351.497,455,2287,780100,42.2963,-83.7346,0,NaN,NaN,NaN,10.50,NaN,0.2,200,1000,-5.5,62.6829,379,NaN,NaN,NaN,NaN
351.497,455,2287,781200,42.2963,-83.7346,0,NaN,NaN,NaN,10.50,NaN,0.2,200,1000,-4.5,62.6829,379,NaN,NaN,NaN,NaN
351.497,455,2287,783400,42.2963,-83.7346,0,NaN,NaN,NaN,10.50,NaN,0.2,200,1000,-3.5,62.6829,379,NaN,NaN,NaN,NaN
351.497,455,2287,784400,42.2963,-83.7346,0,NaN,NaN,NaN,10.50,NaN,0.2,200,1000,-4.5,62.6829,379,NaN,NaN,NaN,NaN
351.497,455,2287,785400,42.2963,-83.7346,0,NaN,NaN,NaN,10.50,NaN,0.2,200,1000,-4,62.6829,379,NaN,NaN,NaN,NaN
351.497,455,2287,786500,42.2963,-83.7346,0,NaN,NaN,NaN,10.50,NaN,0.2,200,1000,-4.5,62.6829,379,NaN,NaN,NaN,NaN
351.497,455,2287,787500,42.2963,-83.7346,0,NaN,NaN,NaN,10.50,NaN,0.2,200,1000,-4,62.6829,379,NaN,NaN,NaN,NaN
351.497,455,2287,787900,42.2963,-83.7346,0,NaN,NaN,NaN,10.50,NaN,0.2,200,1000,-4,62.6829,379,NaN,NaN,NaN,NaN
351.497,455,2287,788600,42.2963,-83.7346,0,NaN,NaN,NaN,10.50,NaN,0.2,200,1000,-5.5,62.6829,379,NaN,NaN,NaN,NaN
351.497,455,2287,789600,42.2963,-83.7346,0,NaN,NaN,NaN,10.50,NaN,0.2,200,1000,-4.5,62.6829,379,NaN,NaN,NaN,NaN
351.497,455,2287,791500,42.2963,-83.7346,0,NaN,NaN,NaN,10.50,NaN,0.2,200,1000,-4.5,62.6829,379.5,NaN,NaN,NaN,NaN
351.497,455,2287,791700,42.2963,-83.7346,0,NaN,NaN,NaN,10.50,NaN,0.2,200,1000,-3,62.6829,379.5,NaN,NaN,NaN,NaN
351.497,455,2287,792700,42.2963,-83.7346,0,NaN,NaN,NaN,10.50,NaN,0.2,200,1000,-3.5,62.6829,379.5,NaN,NaN,NaN,NaN
351.497,455,2287,793800,42.2963,-83.7346,0,NaN,NaN,NaN,10.50,NaN,0.2,200,1000,-4,62.6829,379.5,NaN,NaN,NaN,NaN
351.497,455,2287,794800,42.2963,-83.7346,0,NaN,NaN,NaN,10.50,NaN,0.2,200,1000,-3.5,62.6829,379.5,NaN,NaN,NaN,NaN
351.497,455,2287,795800,42.2963,-83.7346,0,NaN,NaN,NaN,10.50,NaN,0.2,200,1000,-4.5,62.6829,379.5,NaN,NaN,NaN,NaN
351.497,455,2287,796900,42.2963,-83.7346,0,NaN,NaN,NaN,10.50,NaN,0.2,200,1000,-3,62.6829,379.5,NaN,NaN,NaN,NaN
351.497,455,2287,797900,42.2963,-83.7346,0,NaN,NaN,NaN,10.50,NaN,0.2,200,1000,-4,62.6829,379.5,NaN,NaN,NaN,NaN
351.497,455,2287,799000,42.2963,-83.7346,0,NaN,NaN,NaN,10.50,NaN,0.2,200,1000,-2.5,62.6829,379.5,NaN,NaN,NaN,NaN
351.497,455,2287,800000,42.2963,-83.7346,0,NaN,NaN,NaN,10.50,NaN,0.2,200,1000,-4,62.6829,379.5,NaN,NaN,NaN,NaN
351.497,455,2287,801000,42.2963,-83.7346,0,NaN,NaN,NaN,10.50,NaN,0.2,200,1000,-3,62.6829,379.5,NaN,NaN,NaN,NaN
351.497,455,2287,802100,42.2963,-83.7346,0,NaN,NaN,NaN,10.50,NaN,0.2,200,1000,-4.5,62.6829,379.5,NaN,NaN,NaN,NaN
351.497,455,2287,803100,42.2963,-83.7346,0,NaN,NaN,NaN,10.50,NaN,0.2,200,1000,-4,62.6829,379.5,NaN,NaN,NaN,NaN
351.497,455,2287,805200,42.2963,-83.7346,0,NaN,NaN,NaN,10.50,NaN,0.2,200,1000,-2.5,62.6829,379.5,NaN,NaN,NaN,NaN
351.497,455,2287,807300,42.2963,-83.7346,0,NaN,NaN,NaN,10.50,NaN,0.2,200,1000,-2,62.6829,379.5,NaN,NaN,NaN,NaN
351.497,455,2287,808300,42.2963,-83.7346,0,NaN,NaN,NaN,10.50,NaN,0.2,200,1000,-2.5,62.6829,379.5,NaN,NaN,NaN,NaN
351.497,455,2287,809400,42.2963,-83.7346,0,NaN,NaN,NaN,10.50,NaN,0.2,200,1000,-5,62.6829,379.5,NaN,NaN,NaN,NaN
351.497,455,2287,810400,42.2963,-83.7346,0,NaN,NaN,NaN,10.50,NaN,0.2,200,1000,-4,62.6829,379.5,NaN,NaN,NaN,NaN
351.497,455,2287,811400,42.2963,-83.7346,0,NaN,NaN,NaN,10.50,NaN,0.2,200,1000,-4.5,62.6829,379.5,NaN,NaN,NaN,NaN
351.497,455,2287,812500,42.2963,-83.7346,0,NaN,NaN,NaN,10.50,NaN,0.2,200,1000,-4,62.6829,379.5,NaN,NaN,NaN,NaN
351.497,455,2287,813000,42.2963,-83.7347,0,NaN,NaN,NaN,10.50,NaN,0.2,200,1000,-4,62.6829,379.5,NaN,NaN,NaN,NaN
351.497,455,2287,813700,42.2963,-83.7347,6.11,NaN,NaN,NaN,10.50,NaN,0.2,200,1000,-4,62.561,379.5,NaN,NaN,NaN,NaN
351.497,455,2287,813800,42.2963,-83.7347,6.11,NaN,NaN,NaN,10.50,NaN,0.2,200,1000,-6,62.561,378,NaN,NaN,NaN,NaN
351.497,455,2287,814700,42.2963,-83.7347,7.47,NaN,NaN,NaN,10.50,NaN,0.2,200,1000,-6,62.561,378,NaN,NaN,NaN,NaN
351.497,455,2287,815800,42.2963,-83.7347,7.82,NaN,NaN,NaN,10.50,NaN,0.2,200,1000,-6,62.561,378,NaN,NaN,NaN,NaN
351.497,455,2287,815900,42.2963,-83.7347,7.82,NaN,NaN,NaN,10.50,NaN,0.2,200,1000,-6.5,62.561,378,NaN,NaN,NaN,NaN
351.497,455,2287,816800,42.2963,-83.7347,7.96,NaN,NaN,NaN,10.50,NaN,0.2,200,1000,-6.5,62.561,378,NaN,NaN,NaN,NaN
351.497,455,2287,817000,42.2963,-83.7347,7.96,NaN,NaN,NaN,10.50,NaN,0.2,200,1000,-5.5,62.561,378,NaN,NaN,NaN,NaN
351.497,455,2287,817900,42.2963,-83.7347,6.98,NaN,NaN,NaN,10.50,NaN,0.2,200,1000,-5.5,62.561,378,NaN,NaN,NaN,NaN
351.497,455,2287,818000,42.2963,-83.7347,6.98,NaN,NaN,NaN,10.50,NaN,0.2,200,1000,-8,62.561,378,NaN,NaN,NaN,NaN
351.497,455,2287,818800,42.2963,-83.7347,6.98,NaN,NaN,NaN,10.50,NaN,0.2,200,1000,-8,62.561,379,NaN,NaN,NaN,NaN
351.497,455,2287,818900,42.2962,-83.7348,6.98,NaN,NaN,NaN,10.50,NaN,0.2,200,1000,-8,62.561,379,NaN,NaN,NaN,NaN
351.497,455,2287,819000,42.2962,-83.7348,7.48,NaN,NaN,NaN,10.50,NaN,0.2,200,1000,-8,62.561,379,NaN,NaN,NaN,NaN
351.497,455,2287,819100,42.2962,-83.7348,7.48,NaN,NaN,NaN,10.50,NaN,0.2,200,1000,-8.5,62.561,379,NaN,NaN,NaN,NaN
351.497,455,2287,820100,42.2962,-83.7348,7.01,NaN,NaN,NaN,10.50,NaN,0.2,200,1000,-8.5,62.561,379,NaN,NaN,NaN,NaN
351.497,455,2287,820200,42.2962,-83.7348,7.01,NaN,NaN,NaN,10.50,NaN,0.2,200,1000,-6.5,62.561,379,NaN,NaN,NaN,NaN
351.497,455,2287,821100,42.2962,-83.7348,6.95,NaN,NaN,NaN,10.50,NaN,0.2,200,1000,-6.5,62.561,379,NaN,NaN,NaN,NaN
351.497,455,2287,822100,42.2962,-83.7348,7.69,NaN,NaN,NaN,10.50,NaN,0.2,200,1000,-6.5,62.561,379,NaN,NaN,NaN,NaN
351.497,455,2287,822300,42.2962,-83.7348,7.69,NaN,NaN,NaN,10.50,NaN,0.2,200,1000,-11,62.561,379,NaN,NaN,NaN,NaN
351.497,455,2287,822900,42.2962,-83.7347,7.69,NaN,NaN,NaN,10.50,NaN,0.2,200,1000,-11,62.561,379,NaN,NaN,NaN,NaN
351.497,455,2287,823200,42.2962,-83.7347,8.88,NaN,NaN,NaN,10.50,NaN,0.2,200,1000,-11,62.561,379,NaN,NaN,NaN,NaN
351.497,455,2287,823300,42.2962,-83.7347,8.88,NaN,NaN,NaN,10.50,NaN,0.2,200,1000,-13,62.561,379,NaN,NaN,NaN,NaN
351.497,455,2287,823800,42.2962,-83.7347,8.88,NaN,NaN,NaN,10.50,NaN,0.2,200,1000,-13,62.561,378.5,NaN,NaN,NaN,NaN
351.497,455,2287,824200,42.2962,-83.7347,11.54,NaN,NaN,NaN,10.50,NaN,0.2,200,1000,-13,62.561,378.5,NaN,NaN,NaN,NaN
351.497,455,2287,824400,42.2962,-83.7347,11.54,NaN,NaN,NaN,10.50,NaN,0.2,200,1000,-15,62.561,378.5,NaN,NaN,NaN,NaN
351.497,455,2287,825000,42.2962,-83.7346,11.54,NaN,NaN,NaN,10.50,NaN,0.2,200,1000,-15,62.561,378.5,NaN,NaN,NaN,NaN
351.497,455,2287,825200,42.2962,-83.7346,15.1,NaN,NaN,NaN,10.50,NaN,0.2,200,1000,-15,62.561,378.5,NaN,NaN,NaN,NaN
351.497,455,2287,825400,42.2962,-83.7346,15.1,NaN,NaN,NaN,10.50,NaN,0.2,200,1000,-24,62.561,378.5,NaN,NaN,NaN,NaN
351.497,455,2287,826300,42.2962,-83.7346,18.79,NaN,NaN,NaN,10.50,NaN,0.2,200,1000,-24,62.561,378.5,NaN,NaN,NaN,NaN
351.497,455,2287,826400,42.2962,-83.7346,18.79,NaN,NaN,NaN,10.50,NaN,0.2,200,1000,-30.5,62.561,378.5,NaN,NaN,NaN,NaN
351.497,455,2287,827300,42.2962,-83.7346,20.84,NaN,NaN,NaN,10.50,NaN,0.2,200,1000,-30.5,62.561,378.5,NaN,NaN,NaN,NaN
351.497,455,2287,827500,42.2962,-83.7346,20.84,NaN,NaN,NaN,10.50,NaN,0.2,200,1000,-33,62.561,378.5,NaN,NaN,NaN,NaN
351.497,455,2287,828400,42.2962,-83.7346,18.72,NaN,NaN,NaN,10.50,NaN,0.2,200,1000,-33,62.561,378.5,NaN,NaN,NaN,NaN
351.497,455,2287,828500,42.2962,-83.7346,18.72,NaN,NaN,NaN,10.50,NaN,0.2,200,1000,4.5,62.561,378.5,NaN,NaN,NaN,NaN
351.497,455,2287,828800,42.2962,-83.7346,18.72,NaN,NaN,NaN,10.50,NaN,0.2,200,1000,4.5,62.561,379.5,NaN,NaN,NaN,NaN
351.497,455,2287,828900,42.2962,-83.7344,18.72,NaN,NaN,NaN,10.50,NaN,0.2,200,1000,4.5,62.561,379.5,NaN,NaN,NaN,NaN
351.497,455,2287,829400,42.2962,-83.7344,16.87,NaN,NaN,NaN,10.50,NaN,0.2,200,1000,4.5,62.561,379.5,NaN,NaN,NaN,NaN
351.497,455,2287,829600,42.2962,-83.7344,16.87,NaN,NaN,NaN,10.50,NaN,0.2,200,1000,4,62.561,379.5,NaN,NaN,NaN,NaN
351.497,455,2287,830400,42.2962,-83.7344,13.68,NaN,NaN,NaN,10.50,NaN,0.2,200,1000,4,62.561,379.5,NaN,NaN,NaN,NaN
351.497,455,2287,830600,42.2962,-83.7344,13.68,NaN,NaN,NaN,10.50,NaN,0.2,200,1000,19,62.561,379.5,NaN,NaN,NaN,NaN
351.497,455,2287,831500,42.2962,-83.7344,9.46,NaN,NaN,NaN,10.50,NaN,0.2,200,1000,19,62.561,379.5,NaN,NaN,NaN,NaN
351.497,455,2287,831600,42.2962,-83.7344,9.46,NaN,NaN,NaN,10.50,NaN,0.2,200,1000,12.5,62.561,379.5,NaN,NaN,NaN,NaN
351.497,455,2287,831900,42.2961,-83.7343,9.46,NaN,NaN,NaN,10.50,NaN,0.2,200,1000,12.5,62.561,379.5,NaN,NaN,NaN,NaN
351.497,455,2287,832500,42.2961,-83.7343,7.27,NaN,NaN,NaN,10.50,NaN,0.2,200,1000,12.5,62.561,379.5,NaN,NaN,NaN,NaN
351.497,455,2287,832700,42.2961,-83.7343,7.27,NaN,NaN,NaN,10.50,NaN,0.2,200,1000,4.5,62.561,379.5,NaN,NaN,NaN,NaN
351.497,455,2287,833600,42.2961,-83.7343,11.59,NaN,NaN,NaN,10.50,NaN,0.2,200,1000,4.5,62.561,379.5,NaN,NaN,NaN,NaN
351.497,455,2287,833700,42.2961,-83.7343,11.59,NaN,NaN,NaN,10.50,NaN,0.2,200,1000,-19,62.561,379.5,NaN,NaN,NaN,NaN
351.497,455,2287,833900,42.2961,-83.7343,11.59,NaN,NaN,NaN,10.50,NaN,0.2,200,1000,-19,62.561,378,NaN,NaN,NaN,NaN
351.497,455,2287,834600,42.2961,-83.7343,18.14,NaN,NaN,NaN,10.50,NaN,0.2,200,1000,-19,62.561,378,NaN,NaN,NaN,NaN
351.497,455,2287,834800,42.2961,-83.7343,18.14,NaN,NaN,NaN,10.50,NaN,0.2,200,1000,-38,62.561,378,NaN,NaN,NaN,NaN
351.497,455,2287,834900,42.2961,-83.7342,18.14,NaN,NaN,NaN,10.50,NaN,0.2,200,1000,-38,62.561,378,NaN,NaN,NaN,NaN
351.497,455,2287,835600,42.2961,-83.7342,24.68,NaN,NaN,NaN,10.50,NaN,0.2,200,1000,-38,62.561,378,NaN,NaN,NaN,NaN
351.497,455,2287,835800,42.2961,-83.7342,24.68,NaN,NaN,NaN,10.50,NaN,0.2,200,1000,-50.5,62.561,378,NaN,NaN,NaN,NaN
351.497,455,2287,836700,42.2961,-83.7342,31.11,NaN,NaN,NaN,10.50,NaN,0.2,200,1000,-50.5,62.561,378,NaN,NaN,NaN,NaN
351.497,455,2287,836800,42.2961,-83.7342,31.11,NaN,NaN,NaN,10.50,NaN,0.2,200,1000,-58.5,62.561,378,NaN,NaN,NaN,NaN
351.497,455,2287,837700,42.2961,-83.7342,36.99,NaN,NaN,NaN,10.50,NaN,0.2,200,1000,-58.5,62.561,378,NaN,NaN,NaN,NaN
351.497,455,2287,837900,42.2961,-83.7342,36.99,NaN,NaN,NaN,10.50,NaN,0.2,200,1000,-57,62.561,378,NaN,NaN,NaN,NaN
351.497,455,2287,838000,42.2963,-83.734,36.99,NaN,NaN,NaN,10.50,NaN,0.2,200,1000,-57,62.561,378,NaN,NaN,NaN,NaN
351.497,455,2287,838800,42.2963,-83.734,42.11,NaN,NaN,NaN,10.50,NaN,0.2,200,1000,-57,62.561,378,NaN,NaN,NaN,NaN
351.497,455,2287,838900,42.2963,-83.734,42.11,NaN,NaN,NaN,10.50,NaN,0.2,200,1000,-54.5,62.561,373.5,NaN,NaN,NaN,NaN
351.497,455,2287,839800,42.2963,-83.734,42.69,NaN,NaN,NaN,10.50,NaN,0.2,200,1000,-54.5,62.561,373.5,NaN,NaN,NaN,NaN
351.497,455,2287,840000,42.2963,-83.734,42.69,NaN,NaN,NaN,10.50,NaN,0.2,200,1000,16,62.561,373.5,NaN,NaN,NaN,NaN
351.497,455,2287,840800,42.2963,-83.734,43.69,NaN,NaN,NaN,10.50,NaN,0.2,200,1000,16,62.561,373.5,NaN,NaN,NaN,NaN
351.497,455,2287,840900,42.2966,-83.7338,43.69,NaN,NaN,NaN,10.50,NaN,0.2,200,1000,16,62.561,373.5,NaN,NaN,NaN,NaN
351.497,455,2287,841000,42.2966,-83.7338,43.69,NaN,NaN,NaN,10.50,NaN,0.2,200,1000,3.5,62.561,373.5,NaN,NaN,NaN,NaN
351.497,455,2287,841900,42.2966,-83.7338,43.56,NaN,NaN,NaN,10.50,NaN,0.2,200,1000,3.5,62.561,373.5,NaN,NaN,NaN,NaN
351.497,455,2287,842900,42.2966,-83.7338,43.35,NaN,NaN,NaN,10.50,NaN,0.2,200,1000,3.5,62.561,373.5,NaN,NaN,NaN,NaN
351.497,455,2287,843100,42.2966,-83.7338,43.35,NaN,NaN,NaN,10.50,NaN,0.2,200,1000,19,62.561,373.5,NaN,NaN,NaN,NaN
351.497,455,2287,843900,42.2968,-83.7335,43.35,NaN,NaN,NaN,10.50,NaN,0.2,200,1000,19,62.561,373.5,NaN,NaN,NaN,NaN
351.497,455,2287,844000,42.2968,-83.7335,43.1,NaN,NaN,NaN,10.50,NaN,0.2,200,1000,19,62.561,381,NaN,NaN,NaN,NaN
351.497,455,2287,845000,42.2968,-83.7335,42.94,NaN,NaN,NaN,10.50,NaN,0.2,200,1000,19,62.561,381,NaN,NaN,NaN,NaN
351.497,455,2287,846000,42.2968,-83.7335,42.85,NaN,NaN,NaN,10.50,NaN,0.2,200,1000,19,62.561,381,NaN,NaN,NaN,NaN
351.497,455,2287,846200,42.2968,-83.7335,42.85,NaN,NaN,NaN,10.50,NaN,0.2,200,1000,19.5,62.561,381,NaN,NaN,NaN,NaN
351.497,455,2287,847000,42.2971,-83.7332,42.85,NaN,NaN,NaN,10.50,NaN,0.2,200,1000,19.5,62.561,381,NaN,NaN,NaN,NaN
351.497,455,2287,847100,42.2971,-83.7332,42.12,NaN,NaN,NaN,10.50,NaN,0.2,200,1000,19.5,62.561,381,NaN,NaN,NaN,NaN
351.497,455,2287,847200,42.2971,-83.7332,42.12,NaN,NaN,NaN,10.50,NaN,0.2,200,1000,18.5,62.561,381,NaN,NaN,NaN,NaN
351.497,455,2287,848100,42.2971,-83.7332,41.84,NaN,NaN,NaN,10.50,NaN,0.2,200,1000,18.5,62.561,381,NaN,NaN,NaN,NaN
351.497,455,2287,848300,42.2971,-83.7332,41.84,NaN,NaN,NaN,10.50,NaN,0.2,200,1000,19.5,62.561,381,NaN,NaN,NaN,NaN
351.497,455,2287,849000,42.2971,-83.7332,41.84,NaN,NaN,NaN,10.50,NaN,0.2,200,1000,19.5,62.561,381.5,NaN,NaN,NaN,NaN
351.497,455,2287,849200,42.2971,-83.7332,41.39,NaN,NaN,NaN,10.50,NaN,0.2,200,1000,19.5,62.561,381.5,NaN,NaN,NaN,NaN
351.497,455,2287,849300,42.2971,-83.7332,41.39,NaN,NaN,NaN,10.50,NaN,0.2,200,1000,18,62.561,381.5,NaN,NaN,NaN,NaN
351.497,455,2287,850000,42.2974,-83.733,41.39,NaN,NaN,NaN,10.50,NaN,0.2,200,1000,18,62.561,381.5,NaN,NaN,NaN,NaN
351.497,455,2287,850200,42.2974,-83.733,38,NaN,NaN,NaN,10.50,NaN,0.2,200,1000,18,62.561,381.5,NaN,NaN,NaN,NaN
351.497,455,2287,850400,42.2974,-83.733,38,NaN,NaN,NaN,10.50,NaN,0.2,200,1000,67.5,62.561,381.5,NaN,NaN,NaN,NaN
351.497,455,2287,851300,42.2974,-83.733,30.9,NaN,NaN,NaN,10.50,NaN,0.2,200,1000,67.5,62.561,381.5,NaN,NaN,NaN,NaN
351.497,455,2287,851400,42.2974,-83.733,30.9,NaN,NaN,NaN,10.50,NaN,0.2,200,1000,13,62.561,381.5,NaN,NaN,NaN,NaN
351.497,455,2287,852400,42.2974,-83.733,29.27,NaN,NaN,NaN,10.50,NaN,0.2,200,1000,13,62.561,381.5,NaN,NaN,NaN,NaN
351.497,455,2287,853000,42.2976,-83.7329,29.27,NaN,NaN,NaN,10.50,NaN,0.2,200,1000,13,62.561,381.5,NaN,NaN,NaN,NaN
351.497,455,2287,853400,42.2976,-83.7329,28.04,NaN,NaN,NaN,10.50,NaN,0.2,200,1000,13,62.561,381.5,NaN,NaN,NaN,NaN
351.497,455,2287,853600,42.2976,-83.7329,28.04,NaN,NaN,NaN,10.50,NaN,0.2,200,1000,2.5,62.561,381.5,NaN,NaN,NaN,NaN
351.497,455,2287,854000,42.2976,-83.7329,28.04,NaN,NaN,NaN,10.50,NaN,0.2,200,1000,2.5,62.561,380.5,NaN,NaN,NaN,NaN
351.497,455,2287,854500,42.2976,-83.7329,26.27,NaN,NaN,NaN,10.50,NaN,0.2,200,1000,2.5,62.561,380.5,NaN,NaN,NaN,NaN
351.497,455,2287,854600,42.2976,-83.7329,26.27,NaN,NaN,NaN,10.50,NaN,0.2,200,1000,6.5,62.561,380.5,NaN,NaN,NaN,NaN
351.497,455,2287,855600,42.2976,-83.7329,24.01,NaN,NaN,NaN,10.50,NaN,0.2,200,1000,6.5,62.561,380.5,NaN,NaN,NaN,NaN
351.497,455,2287,855700,42.2976,-83.7329,24.01,NaN,NaN,NaN,10.50,NaN,0.2,200,1000,8,62.561,380.5,NaN,NaN,NaN,NaN
351.497,455,2287,855900,42.2978,-83.7327,24.01,NaN,NaN,NaN,10.50,NaN,0.2,200,1000,8,62.561,380.5,NaN,NaN,NaN,NaN
351.497,455,2287,856600,42.2978,-83.7327,21.74,NaN,NaN,NaN,10.50,NaN,0.2,200,1000,8,62.561,380.5,NaN,NaN,NaN,NaN
351.497,455,2287,856700,42.2978,-83.7327,21.74,NaN,NaN,NaN,10.50,NaN,0.2,200,1000,8.5,62.561,380.5,NaN,NaN,NaN,NaN
351.497,455,2287,857700,42.2978,-83.7327,19.52,NaN,NaN,NaN,10.50,NaN,0.2,200,1000,8.5,62.561,380.5,NaN,NaN,NaN,NaN
351.497,455,2287,857800,42.2978,-83.7327,19.52,NaN,NaN,NaN,10.50,NaN,0.2,200,1000,6.5,62.561,380.5,NaN,NaN,NaN,NaN
351.497,455,2287,858700,42.2978,-83.7327,13.56,NaN,NaN,NaN,10.50,NaN,0.2,200,1000,6.5,62.561,380.5,NaN,NaN,NaN,NaN
351.497,455,2287,858800,42.2978,-83.7327,13.56,NaN,NaN,NaN,10.50,NaN,0.2,200,1000,22,62.561,380.5,NaN,NaN,NaN,NaN
351.497,455,2287,859000,42.2979,-83.7326,13.56,NaN,NaN,NaN,10.50,NaN,0.2,200,1000,22,62.561,382.5,NaN,NaN,NaN,NaN
351.497,455,2287,859800,42.2979,-83.7326,8.15,NaN,NaN,NaN,10.50,NaN,0.2,200,1000,7,62.561,382.5,NaN,NaN,NaN,NaN
351.497,455,2287,860800,42.2979,-83.7326,4.16,NaN,NaN,NaN,10.50,NaN,0.2,200,1000,7,62.561,382.5,NaN,NaN,NaN,NaN
351.497,455,2287,860900,42.2979,-83.7326,4.16,NaN,NaN,NaN,10.50,NaN,0.2,200,1000,-3.5,62.561,382.5,NaN,NaN,NaN,NaN
351.497,455,2287,861700,42.2979,-83.7326,0,NaN,NaN,NaN,10.50,NaN,0.2,200,1000,-3.5,62.561,382.5,NaN,NaN,NaN,NaN
351.497,455,2287,861800,42.2979,-83.7326,0,NaN,NaN,NaN,10.50,NaN,0.2,200,1000,-6,62.3171,380,NaN,NaN,NaN,NaN
351.497,455,2287,863900,42.2979,-83.7326,0,NaN,NaN,NaN,10.50,NaN,0.2,200,1000,-4.5,62.3171,380,NaN,NaN,NaN,NaN
351.497,455,2287,865000,42.2979,-83.7326,0,NaN,NaN,NaN,10.50,NaN,0.2,200,1000,-5,62.3171,380,NaN,NaN,NaN,NaN
351.497,455,2287,866000,42.2979,-83.7326,0,NaN,NaN,NaN,10.50,NaN,0.2,200,1000,-4,62.3171,380,NaN,NaN,NaN,NaN
351.497,455,2287,867000,42.2979,-83.7326,0,NaN,NaN,NaN,10.50,NaN,0.2,200,1000,-5,62.3171,380,NaN,NaN,NaN,NaN
351.497,455,2287,869100,42.2979,-83.7326,0,NaN,NaN,NaN,10.50,NaN,0.2,200,1000,-4.5,62.3171,380,NaN,NaN,NaN,NaN
351.497,455,2287,870200,42.2979,-83.7326,0,NaN,NaN,NaN,10.50,NaN,0.2,200,1000,-5.5,62.3171,380,NaN,NaN,NaN,NaN
351.497,455,2287,871200,42.2979,-83.7326,0,NaN,NaN,NaN,10.50,NaN,0.2,200,1000,-5,62.3171,380,NaN,NaN,NaN,NaN
351.497,455,2287,872200,42.2979,-83.7326,0,NaN,NaN,NaN,10.50,NaN,0.2,200,1000,-5.5,62.3171,380,NaN,NaN,NaN,NaN
351.497,455,2287,873300,42.2979,-83.7326,0,NaN,NaN,NaN,10.50,NaN,0.2,200,1000,-3.5,62.3171,380,NaN,NaN,NaN,NaN
351.497,455,2287,874300,42.2979,-83.7326,0,NaN,NaN,NaN,10.50,NaN,0.2,200,1000,-5.5,62.3171,380,NaN,NaN,NaN,NaN
351.497,455,2287,876400,42.2979,-83.7326,0,NaN,NaN,NaN,10.50,NaN,0.2,200,1000,-6.5,62.3171,380,NaN,NaN,NaN,NaN
351.497,455,2287,876900,42.2979,-83.7326,0,NaN,NaN,NaN,10.50,NaN,0.2,200,1000,-6.5,62.3171,379.5,NaN,NaN,NaN,NaN
351.497,455,2287,877400,42.2979,-83.7326,0,NaN,NaN,NaN,10.50,NaN,0.2,200,1000,-5,62.3171,379.5,NaN,NaN,NaN,NaN
351.497,455,2287,877800,42.2978,-83.7325,0,NaN,NaN,NaN,10.50,NaN,0.2,200,1000,-5,62.3171,379.5,NaN,NaN,NaN,NaN
351.497,455,2287,878700,42.2978,-83.7325,3.59,NaN,NaN,NaN,10.50,NaN,0.2,200,1000,-5,62.3171,379.5,NaN,NaN,NaN,NaN
351.497,455,2287,878800,42.2978,-83.7325,3.59,NaN,NaN,NaN,10.50,NaN,0.2,200,1000,-5,62.3171,379,NaN,NaN,NaN,NaN
351.497,455,2287,878900,42.2978,-83.7325,3.59,NaN,NaN,NaN,10.50,NaN,0.2,200,1000,-10.5,62.3171,379,NaN,NaN,NaN,NaN
351.497,455,2287,879800,42.2978,-83.7325,5.39,NaN,NaN,NaN,10.50,NaN,0.2,200,1000,-10.5,62.3171,379,NaN,NaN,NaN,NaN
351.497,455,2287,880800,42.2978,-83.7325,8.4,NaN,NaN,NaN,10.50,NaN,0.2,200,1000,-10.5,62.3171,379,NaN,NaN,NaN,NaN
351.497,455,2287,880900,42.2979,-83.7324,8.4,NaN,NaN,NaN,10.50,NaN,0.2,200,1000,-10.5,62.3171,379,NaN,NaN,NaN,NaN
351.497,455,2287,881000,42.2979,-83.7324,8.4,NaN,NaN,NaN,10.50,NaN,0.2,200,1000,-14,62.3171,379,NaN,NaN,NaN,NaN
351.497,455,2287,881800,42.2979,-83.7324,11.38,NaN,NaN,NaN,10.50,NaN,0.2,200,1000,-14,62.3171,379,NaN,NaN,NaN,NaN
351.497,455,2287,882000,42.2979,-83.7324,11.38,NaN,NaN,NaN,10.50,NaN,0.2,200,1000,-17.5,62.3171,379,NaN,NaN,NaN,NaN
351.497,455,2287,882900,42.2979,-83.7324,11.77,NaN,NaN,NaN,10.50,NaN,0.2,200,1000,-17.5,62.3171,379,NaN,NaN,NaN,NaN
351.497,455,2287,883000,42.2979,-83.7324,11.77,NaN,NaN,NaN,10.50,NaN,0.2,200,1000,-4,62.3171,379,NaN,NaN,NaN,NaN
351.497,455,2287,883900,42.2979,-83.7323,11.69,NaN,NaN,NaN,10.50,NaN,0.2,200,1000,-4,62.3171,379,NaN,NaN,NaN,NaN
351.497,455,2287,884100,42.2979,-83.7323,11.69,NaN,NaN,NaN,10.50,NaN,0.2,200,1000,-3.5,62.3171,379,NaN,NaN,NaN,NaN
351.497,455,2287,885000,42.2979,-83.7323,12.08,NaN,NaN,NaN,10.50,NaN,0.2,200,1000,-3.5,62.3171,379,NaN,NaN,NaN,NaN
351.497,455,2287,885100,42.2979,-83.7323,12.08,NaN,NaN,NaN,10.50,NaN,0.2,200,1000,-2.5,62.3171,379,NaN,NaN,NaN,NaN
351.497,455,2287,886000,42.2979,-83.7323,11.69,NaN,NaN,NaN,10.50,NaN,0.2,200,1000,-2.5,62.3171,379,NaN,NaN,NaN,NaN
351.497,455,2287,886200,42.2979,-83.7323,11.69,NaN,NaN,NaN,10.50,NaN,0.2,200,1000,-4,62.3171,379,NaN,NaN,NaN,NaN
351.497,455,2287,887000,42.298,-83.7323,11.17,NaN,NaN,NaN,10.50,NaN,0.2,200,1000,-4,62.3171,379,NaN,NaN,NaN,NaN
351.497,455,2287,887300,42.298,-83.7323,11.17,NaN,NaN,NaN,10.50,NaN,0.2,200,1000,-2.5,62.3171,379,NaN,NaN,NaN,NaN
351.497,455,2287,888100,42.298,-83.7323,10.31,NaN,NaN,NaN,10.50,NaN,0.2,200,1000,-2.5,62.3171,379,NaN,NaN,NaN,NaN
351.497,455,2287,888400,42.298,-83.7323,10.31,NaN,NaN,NaN,10.50,NaN,0.2,200,1000,-1.5,62.3171,379,NaN,NaN,NaN,NaN
351.497,455,2287,888800,42.298,-83.7323,10.31,NaN,NaN,NaN,10.50,NaN,0.2,200,1000,-1.5,62.3171,380,NaN,NaN,NaN,NaN
351.497,455,2287,889200,42.298,-83.7323,6.92,NaN,NaN,NaN,10.50,NaN,0.2,200,1000,-1.5,62.3171,380,NaN,NaN,NaN,NaN
351.497,455,2287,889400,42.298,-83.7323,6.92,NaN,NaN,NaN,10.50,NaN,0.2,200,1000,-1,62.3171,380,NaN,NaN,NaN,NaN
351.497,455,2287,890000,42.298,-83.7322,6.92,NaN,NaN,NaN,10.50,NaN,0.2,200,1000,-1,62.3171,380,NaN,NaN,NaN,NaN
351.497,455,2287,890300,42.298,-83.7322,3.95,NaN,NaN,NaN,10.50,NaN,0.2,200,1000,-1,62.3171,380,NaN,NaN,NaN,NaN
351.497,455,2287,890500,42.298,-83.7322,3.95,NaN,NaN,NaN,10.50,NaN,0.2,200,1000,-1.5,62.3171,380,NaN,NaN,NaN,NaN
351.497,455,2287,891300,42.298,-83.7322,3.18,NaN,NaN,NaN,10.50,NaN,0.2,200,1000,-1.5,62.3171,380,NaN,NaN,NaN,NaN
351.497,455,2287,891600,42.298,-83.7322,3.18,NaN,NaN,NaN,10.50,NaN,0.2,200,1000,-3.5,62.3171,380,NaN,NaN,NaN,NaN
351.497,455,2287,892800,42.298,-83.7322,0,NaN,NaN,NaN,10.50,NaN,0.2,200,1000,-3.5,62.1951,379.5,NaN,NaN,NaN,NaN
351.497,455,2287,893300,42.298,-83.7322,0,NaN,NaN,NaN,10.50,NaN,0.0,0,1000,-3.5,62.1951,379.5,NaN,NaN,NaN,NaN
351.497,455,2287,893400,42.298,-83.7322,0,NaN,NaN,NaN,10.50,NaN,0.0,0,750,-3.5,62.1951,379.5,NaN,NaN,NaN,NaN
351.497,455,2287,896000,42.298,-83.7322,0,NaN,NaN,NaN,10.50,NaN,0.0,0,750,-3,62.1951,379.5,NaN,NaN,NaN,NaN
351.497,455,2287,897100,42.298,-83.7322,0,NaN,NaN,NaN,10.50,NaN,0.0,0,750,-4,62.1951,379.5,NaN,NaN,NaN,NaN
351.497,455,2287,898000,42.298,-83.7322,0,NaN,NaN,NaN,10.50,NaN,0.0,0,750,-4,62.1951,379.5,NaN,NaN,NaN,NaN
351.497,455,2287,898100,42.298,-83.7322,0,NaN,NaN,NaN,10.50,NaN,0.0,0,750,-5,62.1951,379.5,NaN,NaN,NaN,NaN
351.497,455,2287,898800,42.298,-83.7322,4.46,NaN,NaN,NaN,10.50,NaN,0.0,0,750,-5,62.1951,379.5,NaN,NaN,NaN,NaN
351.497,455,2287,898900,42.298,-83.7322,4.46,NaN,NaN,NaN,10.50,NaN,0.0,0,750,-14.5,62.1951,379.5,NaN,NaN,NaN,NaN
351.497,455,2287,899300,42.298,-83.7322,4.46,NaN,NaN,NaN,10.50,NaN,0.2,200,750,-14.5,62.1951,379.5,NaN,NaN,NaN,NaN
351.497,455,2287,899800,42.298,-83.7322,7.79,NaN,NaN,NaN,10.50,NaN,0.2,200,750,-14.5,62.1951,379.5,NaN,NaN,NaN,NaN
351.497,455,2287,899900,42.298,-83.7322,7.79,NaN,NaN,NaN,10.50,NaN,0.2,200,750,-14.5,62.1951,378.5,NaN,NaN,NaN,NaN
351.497,455,2287,900800,42.298,-83.7322,8.61,NaN,NaN,NaN,10.50,NaN,0.2,200,750,-14.5,62.1951,378.5,NaN,NaN,NaN,NaN
351.497,455,2287,901000,42.298,-83.7322,8.61,NaN,NaN,NaN,10.50,NaN,0.2,200,750,-3.5,62.1951,378.5,NaN,NaN,NaN,NaN
351.497,455,2287,901900,42.298,-83.7322,9.9,NaN,NaN,NaN,10.50,NaN,0.2,200,750,-3.5,62.1951,378.5,NaN,NaN,NaN,NaN
351.497,455,2287,902000,42.298,-83.7322,9.9,NaN,NaN,NaN,10.50,NaN,0.2,200,750,-7.5,62.1951,378.5,NaN,NaN,NaN,NaN
351.497,455,2287,902900,42.298,-83.7322,10.59,NaN,NaN,NaN,10.50,NaN,0.2,200,750,-7.5,62.1951,378.5,NaN,NaN,NaN,NaN
351.497,455,2287,903100,42.298,-83.7322,10.59,NaN,NaN,NaN,10.50,NaN,0.2,200,750,-4,62.1951,378.5,NaN,NaN,NaN,NaN
351.497,455,2287,903900,42.298,-83.7321,10.59,NaN,NaN,NaN,10.50,NaN,0.2,200,750,-4,62.1951,378.5,NaN,NaN,NaN,NaN
351.497,455,2287,904000,42.298,-83.7321,11.15,NaN,NaN,NaN,10.50,NaN,0.2,200,750,-4,62.1951,378.5,NaN,NaN,NaN,NaN
351.497,455,2287,904100,42.298,-83.7321,11.15,NaN,NaN,NaN,10.50,NaN,0.2,200,750,-7,62.1951,378.5,NaN,NaN,NaN,NaN
351.497,455,2287,904900,42.298,-83.7321,11.15,NaN,NaN,NaN,10.50,NaN,0.2,200,750,-7,62.1951,379.5,NaN,NaN,NaN,NaN
351.497,455,2287,905000,42.298,-83.7321,13.13,NaN,NaN,NaN,10.50,NaN,0.2,200,750,-7,62.1951,379.5,NaN,NaN,NaN,NaN
351.497,455,2287,905200,42.298,-83.7321,13.13,NaN,NaN,NaN,10.50,NaN,0.2,200,750,-15,62.1951,379.5,NaN,NaN,NaN,NaN
351.497,455,2287,906000,42.298,-83.7321,17.2,NaN,NaN,NaN,10.50,NaN,0.2,200,750,-15,62.1951,379.5,NaN,NaN,NaN,NaN
351.497,455,2287,906200,42.298,-83.7321,17.2,NaN,NaN,NaN,10.50,NaN,0.2,200,750,-25.5,62.1951,379.5,NaN,NaN,NaN,NaN
351.497,455,2287,906900,42.2979,-83.732,17.2,NaN,NaN,NaN,10.50,NaN,0.2,200,750,-25.5,62.1951,379.5,NaN,NaN,NaN,NaN
351.497,455,2287,907100,42.2979,-83.732,22.01,NaN,NaN,NaN,10.50,NaN,0.2,200,750,-25.5,62.1951,379.5,NaN,NaN,NaN,NaN
351.497,455,2287,907200,42.2979,-83.732,22.01,NaN,NaN,NaN,10.50,NaN,0.2,200,750,-33,62.1951,379.5,NaN,NaN,NaN,NaN
351.497,455,2287,908100,42.2979,-83.732,26.72,NaN,NaN,NaN,10.50,NaN,0.2,200,750,-33,62.1951,379.5,NaN,NaN,NaN,NaN
351.497,455,2287,908300,42.2979,-83.732,26.72,NaN,NaN,NaN,10.50,NaN,0.2,200,750,-35.5,62.1951,379.5,NaN,NaN,NaN,NaN
351.497,455,2287,909200,42.2979,-83.732,30.75,NaN,NaN,NaN,10.50,NaN,0.2,200,750,-35.5,62.1951,379.5,NaN,NaN,NaN,NaN
351.497,455,2287,909300,42.2979,-83.732,30.75,NaN,NaN,NaN,10.50,NaN,0.2,200,750,-39,62.1951,379.5,NaN,NaN,NaN,NaN
351.497,455,2287,910000,42.2979,-83.732,30.75,NaN,NaN,NaN,10.50,NaN,0.2,200,750,-39,62.1951,376,NaN,NaN,NaN,NaN
351.497,455,2287,910200,42.2979,-83.732,33.69,NaN,NaN,NaN,10.50,NaN,0.2,200,750,-39,62.1951,376,NaN,NaN,NaN,NaN
351.497,455,2287,910400,42.2979,-83.732,33.69,NaN,NaN,NaN,10.50,NaN,0.2,200,750,-19,62.1951,376,NaN,NaN,NaN,NaN
351.497,455,2287,910900,42.2977,-83.7318,33.69,NaN,NaN,NaN,10.50,NaN,0.2,200,750,-19,62.1951,376,NaN,NaN,NaN,NaN
351.497,455,2287,911200,42.2977,-83.7318,36.04,NaN,NaN,NaN,10.50,NaN,0.2,200,750,-19,62.1951,376,NaN,NaN,NaN,NaN
351.497,455,2287,911400,42.2977,-83.7318,36.04,NaN,NaN,NaN,10.50,NaN,0.2,200,750,-31.5,62.1951,376,NaN,NaN,NaN,NaN
351.497,455,2287,912300,42.2977,-83.7318,38.59,NaN,NaN,NaN,10.50,NaN,0.2,200,750,-31.5,62.1951,376,NaN,NaN,NaN,NaN
351.497,455,2287,912400,42.2977,-83.7318,38.59,NaN,NaN,NaN,10.50,NaN,0.2,200,750,16,62.1951,376,NaN,NaN,NaN,NaN
351.497,455,2287,913300,42.2977,-83.7318,36.46,NaN,NaN,NaN,10.50,NaN,0.2,200,750,16,62.1951,376,NaN,NaN,NaN,NaN
351.497,455,2287,914000,42.2974,-83.7316,36.46,NaN,NaN,NaN,10.50,NaN,0.2,200,750,16,62.1951,376,NaN,NaN,NaN,NaN
351.497,455,2287,914400,42.2974,-83.7316,34.27,NaN,NaN,NaN,10.50,NaN,0.2,200,750,16,62.1951,376,NaN,NaN,NaN,NaN
351.497,455,2287,914500,42.2974,-83.7316,34.27,NaN,NaN,NaN,10.50,NaN,0.2,200,750,14.5,62.1951,376,NaN,NaN,NaN,NaN
351.497,455,2287,915000,42.2974,-83.7316,34.27,NaN,NaN,NaN,10.50,NaN,0.2,200,750,14.5,62.1951,381,NaN,NaN,NaN,NaN
351.497,455,2287,915400,42.2974,-83.7316,32.12,NaN,NaN,NaN,10.50,NaN,0.2,200,750,14.5,62.1951,381,NaN,NaN,NaN,NaN
351.497,455,2287,915600,42.2974,-83.7316,32.12,NaN,NaN,NaN,10.50,NaN,0.2,200,750,13,62.1951,381,NaN,NaN,NaN,NaN
351.497,455,2287,915900,42.2972,-83.7316,32.12,NaN,NaN,NaN,10.50,NaN,0.2,200,750,13,62.1951,381,NaN,NaN,NaN,NaN
351.497,455,2287,916400,42.2972,-83.7316,29.78,NaN,NaN,NaN,10.50,NaN,0.2,200,750,13,62.1951,381,NaN,NaN,NaN,NaN
351.497,455,2287,916600,42.2972,-83.7316,29.78,NaN,NaN,NaN,10.50,NaN,0.2,200,750,11,62.1951,381,NaN,NaN,NaN,NaN
351.497,455,2287,917500,42.2972,-83.7316,26.98,NaN,NaN,NaN,10.50,NaN,0.2,200,750,11,62.1951,381,NaN,NaN,NaN,NaN
351.497,455,2287,918500,42.2972,-83.7316,23.92,NaN,NaN,NaN,10.50,NaN,0.2,200,750,11,62.1951,381,NaN,NaN,NaN,NaN
351.497,455,2287,918700,42.2972,-83.7316,23.92,NaN,NaN,NaN,10.50,NaN,0.2,200,750,9,62.1951,381,NaN,NaN,NaN,NaN
351.497,455,2287,919600,42.2972,-83.7316,20.53,NaN,NaN,NaN,10.50,NaN,0.2,200,750,9,62.1951,381,NaN,NaN,NaN,NaN
351.497,455,2287,919700,42.2972,-83.7316,20.53,NaN,NaN,NaN,10.50,NaN,0.2,200,750,8,62.1951,381,NaN,NaN,NaN,NaN
351.497,455,2287,919900,42.297,-83.7314,20.53,NaN,NaN,NaN,10.50,NaN,0.2,200,750,8,62.1951,381,NaN,NaN,NaN,NaN
351.497,455,2287,920600,42.297,-83.7314,13.01,NaN,NaN,NaN,10.50,NaN,0.2,200,750,8,62.1951,381,NaN,NaN,NaN,NaN
351.497,455,2287,921600,42.297,-83.7314,5.52,NaN,NaN,NaN,10.50,NaN,0.2,200,750,8,62.1951,381,NaN,NaN,NaN,NaN
351.497,455,2287,921800,42.297,-83.7314,5.52,NaN,NaN,NaN,10.50,NaN,0.2,200,750,10.5,62.1951,381,NaN,NaN,NaN,NaN
351.497,455,2287,922800,42.297,-83.7314,0,NaN,NaN,NaN,10.50,NaN,0.2,200,750,10.5,62.0732,381,NaN,NaN,NaN,NaN
351.497,455,2287,922900,42.297,-83.7314,0,NaN,NaN,NaN,10.50,NaN,0.2,200,750,10.5,62.0732,379.5,NaN,NaN,NaN,NaN
351.497,455,2287,923000,42.297,-83.7314,0,NaN,NaN,NaN,10.50,NaN,0.2,200,750,-4.5,62.0732,379.5,NaN,NaN,NaN,NaN
351.497,455,2287,923800,42.297,-83.7314,0,NaN,NaN,NaN,10.50,NaN,0.2,200,1000,-4.5,62.0732,379.5,NaN,NaN,NaN,NaN
351.497,455,2287,925200,42.297,-83.7314,0,NaN,NaN,NaN,10.50,NaN,0.2,200,1000,-3.5,62.0732,379.5,NaN,NaN,NaN,NaN
351.497,455,2287,926200,42.297,-83.7314,0,NaN,NaN,NaN,10.50,NaN,0.2,200,1000,-4,62.0732,379.5,NaN,NaN,NaN,NaN
351.497,455,2287,929400,42.297,-83.7314,0,NaN,NaN,NaN,10.50,NaN,0.2,200,1000,-5,62.0732,379.5,NaN,NaN,NaN,NaN
351.497,455,2287,930400,42.297,-83.7314,0,NaN,NaN,NaN,10.50,NaN,0.2,200,1000,-4,62.0732,379.5,NaN,NaN,NaN,NaN
351.497,455,2287,932500,42.297,-83.7314,0,NaN,NaN,NaN,10.50,NaN,0.2,200,1000,-3.5,62.0732,379.5,NaN,NaN,NaN,NaN
351.497,455,2287,933500,42.297,-83.7314,0,NaN,NaN,NaN,10.50,NaN,0.2,200,1000,-4.5,62.0732,379.5,NaN,NaN,NaN,NaN
351.497,455,2287,934600,42.297,-83.7314,0,NaN,NaN,NaN,10.50,NaN,0.2,200,1000,-3,62.0732,379.5,NaN,NaN,NaN,NaN
351.497,455,2287,935600,42.297,-83.7314,0,NaN,NaN,NaN,10.50,NaN,0.2,200,1000,-3.5,62.0732,379.5,NaN,NaN,NaN,NaN
351.497,455,2287,936900,42.297,-83.7313,0,NaN,NaN,NaN,10.50,NaN,0.2,200,1000,-3.5,62.0732,379.5,NaN,NaN,NaN,NaN
351.497,455,2287,937900,42.297,-83.7313,3.83,NaN,NaN,NaN,10.50,NaN,0.2,200,1000,-3.5,61.9512,379,NaN,NaN,NaN,NaN
351.497,455,2287,938000,42.297,-83.7313,3.83,NaN,NaN,NaN,10.50,NaN,0.2,200,1000,-17.5,61.9512,379,NaN,NaN,NaN,NaN
351.497,455,2287,938400,42.297,-83.7313,3.83,NaN,NaN,NaN,10.50,NaN,0.0,0,1000,-17.5,61.9512,379,NaN,NaN,NaN,NaN
351.497,455,2287,938500,42.297,-83.7313,3.83,NaN,NaN,NaN,10.50,NaN,0.0,0,750,-17.5,61.9512,379,NaN,NaN,NaN,NaN
351.497,455,2287,938900,42.297,-83.7313,8.25,NaN,NaN,NaN,10.50,NaN,0.0,0,750,-17.5,61.9512,379,NaN,NaN,NaN,NaN
351.497,455,2287,939900,42.297,-83.7313,12.62,NaN,NaN,NaN,10.50,NaN,0.0,0,750,-17.5,61.9512,379,NaN,NaN,NaN,NaN
351.497,455,2287,940100,42.297,-83.7313,12.62,NaN,NaN,NaN,10.50,NaN,0.0,0,750,-26.5,61.9512,379,NaN,NaN,NaN,NaN
351.497,455,2287,940900,42.2969,-83.7312,12.62,NaN,NaN,NaN,10.50,NaN,0.0,0,750,-26.5,61.9512,379,NaN,NaN,NaN,NaN
351.497,455,2287,941000,42.2969,-83.7312,17.03,NaN,NaN,NaN,10.50,NaN,0.0,0,750,-26.5,61.9512,379,NaN,NaN,NaN,NaN
351.497,455,2287,941100,42.2969,-83.7312,17.03,NaN,NaN,NaN,10.50,NaN,0.0,0,750,-38,61.9512,379,NaN,NaN,NaN,NaN
351.497,455,2287,942000,42.2969,-83.7312,21.45,NaN,NaN,NaN,10.50,NaN,0.0,0,750,-38,61.9512,379,NaN,NaN,NaN,NaN
351.497,455,2287,942200,42.2969,-83.7312,21.45,NaN,NaN,NaN,10.50,NaN,0.0,0,750,-49,61.9512,379,NaN,NaN,NaN,NaN
351.497,455,2287,943000,42.2969,-83.7311,25.36,NaN,NaN,NaN,10.50,NaN,0.0,0,750,-49,61.9512,375,NaN,NaN,NaN,NaN
351.497,455,2287,943200,42.2969,-83.7311,25.36,NaN,NaN,NaN,10.50,NaN,0.0,0,750,-54.5,61.9512,375,NaN,NaN,NaN,NaN
351.497,455,2287,944100,42.2969,-83.7311,26.35,NaN,NaN,NaN,10.50,NaN,0.0,0,750,-54.5,61.9512,375,NaN,NaN,NaN,NaN
351.497,455,2287,944200,42.2969,-83.7311,26.35,NaN,NaN,NaN,10.50,NaN,0.0,0,750,-17.5,61.9512,375,NaN,NaN,NaN,NaN
351.497,455,2287,945100,42.2969,-83.7311,25.1,NaN,NaN,NaN,10.50,NaN,0.0,0,750,-17.5,61.9512,375,NaN,NaN,NaN,NaN
351.497,455,2287,945300,42.2969,-83.7311,25.1,NaN,NaN,NaN,10.50,NaN,0.0,0,750,-24,61.9512,375,NaN,NaN,NaN,NaN
351.497,455,2287,946200,42.2969,-83.7311,26.11,NaN,NaN,NaN,10.50,NaN,0.0,0,750,-24,61.9512,375,NaN,NaN,NaN,NaN
351.497,455,2287,946300,42.2969,-83.7311,26.11,NaN,NaN,NaN,10.50,NaN,0.0,0,750,-46,61.9512,375,NaN,NaN,NaN,NaN
351.497,455,2287,946900,42.2966,-83.7309,26.11,NaN,NaN,NaN,10.50,NaN,0.0,0,750,-46,61.9512,375,NaN,NaN,NaN,NaN
351.497,455,2287,947200,42.2966,-83.7309,28.09,NaN,NaN,NaN,10.50,NaN,0.0,0,750,-46,61.9512,375,NaN,NaN,NaN,NaN
351.497,455,2287,948000,42.2966,-83.7309,28.09,NaN,NaN,NaN,10.50,NaN,0.0,0,750,-46,61.9512,376.5,NaN,NaN,NaN,NaN
351.497,455,2287,948200,42.2966,-83.7309,22.74,NaN,NaN,NaN,10.50,NaN,0.0,0,750,-46,61.9512,376.5,NaN,NaN,NaN,NaN
351.497,455,2287,948400,42.2966,-83.7309,22.74,NaN,NaN,NaN,10.50,NaN,0.0,0,750,13,61.9512,376.5,NaN,NaN,NaN,NaN
351.497,455,2287,949300,42.2966,-83.7309,9.8,NaN,NaN,NaN,10.50,NaN,0.0,0,750,13,61.9512,376.5,NaN,NaN,NaN,NaN
351.497,455,2287,949900,42.2966,-83.7309,0,NaN,NaN,NaN,10.50,NaN,0.0,0,750,13,61.8293,379.5,NaN,NaN,NaN,NaN
351.497,455,2287,950000,42.2966,-83.7309,0,NaN,NaN,NaN,10.50,NaN,0.0,0,750,-3.5,61.8293,379.5,NaN,NaN,NaN,NaN
351.497,455,2287,950400,42.2966,-83.7309,0,NaN,NaN,NaN,10.50,NaN,0.2,200,750,-3.5,61.8293,379.5,NaN,NaN,NaN,NaN
351.497,455,2287,950500,42.2966,-83.7309,0,NaN,NaN,NaN,10.50,NaN,0.2,200,250,-3.5,61.8293,379.5,NaN,NaN,NaN,NaN
351.497,455,2287,952100,42.2966,-83.7309,0,NaN,NaN,NaN,10.50,NaN,0.2,200,250,-9,61.8293,379.5,NaN,NaN,NaN,NaN
351.497,455,2287,953000,42.2965,-83.7307,0,NaN,NaN,NaN,10.50,NaN,0.2,200,250,-9,61.8293,379.5,NaN,NaN,NaN,NaN
351.497,455,2287,953900,42.2965,-83.7307,6.44,NaN,NaN,NaN,10.50,NaN,0.2,200,250,-9,61.8293,377.5,NaN,NaN,NaN,NaN
351.497,455,2287,954000,42.2965,-83.7307,6.44,NaN,NaN,NaN,10.50,NaN,0.2,200,250,-32.5,61.8293,377.5,NaN,NaN,NaN,NaN
351.497,455,2287,954900,42.2965,-83.7307,11.82,NaN,NaN,NaN,10.50,NaN,0.2,200,250,-32.5,61.8293,377.5,NaN,NaN,NaN,NaN
351.497,455,2287,955000,42.2965,-83.7307,11.82,NaN,NaN,NaN,10.50,NaN,0.2,200,250,-43.5,61.8293,377.5,NaN,NaN,NaN,NaN
351.497,455,2287,955900,42.2965,-83.7307,17.08,NaN,NaN,NaN,10.50,NaN,0.2,200,250,-43.5,61.8293,377.5,NaN,NaN,NaN,NaN
351.497,455,2287,956900,42.2964,-83.7306,17.08,NaN,NaN,NaN,10.50,NaN,0.2,200,250,-43.5,61.8293,377.5,NaN,NaN,NaN,NaN
351.497,455,2287,957000,42.2964,-83.7306,22.16,NaN,NaN,NaN,10.50,NaN,0.2,200,250,-43.5,61.8293,377.5,NaN,NaN,NaN,NaN
351.497,455,2287,957100,42.2964,-83.7306,22.16,NaN,NaN,NaN,10.50,NaN,0.2,200,250,-48,61.8293,377.5,NaN,NaN,NaN,NaN
351.497,455,2287,958100,42.2964,-83.7306,21.89,NaN,NaN,NaN,10.50,NaN,0.2,200,250,-48,61.8293,377.5,NaN,NaN,NaN,NaN
351.497,455,2287,958200,42.2964,-83.7306,21.89,NaN,NaN,NaN,10.50,NaN,0.2,200,250,3,61.8293,377.5,NaN,NaN,NaN,NaN
351.497,455,2287,958900,42.2964,-83.7306,21.89,NaN,NaN,NaN,10.50,NaN,0.2,200,250,3,61.8293,379,NaN,NaN,NaN,NaN
351.497,455,2287,959200,42.2964,-83.7306,22.83,NaN,NaN,NaN,10.50,NaN,0.2,200,250,3,61.8293,379,NaN,NaN,NaN,NaN
351.497,455,2287,959300,42.2964,-83.7306,22.83,NaN,NaN,NaN,10.50,NaN,0.2,200,250,-28,61.8293,379,NaN,NaN,NaN,NaN
351.497,455,2287,959900,42.2964,-83.7305,22.83,NaN,NaN,NaN,10.50,NaN,0.2,200,250,-28,61.8293,379,NaN,NaN,NaN,NaN
351.497,455,2287,960200,42.2964,-83.7305,25.29,NaN,NaN,NaN,10.50,NaN,0.2,200,250,-28,61.8293,379,NaN,NaN,NaN,NaN
351.497,455,2287,960400,42.2964,-83.7305,25.29,NaN,NaN,NaN,10.50,NaN,0.2,200,250,-45,61.8293,379,NaN,NaN,NaN,NaN
351.497,455,2287,961200,42.2964,-83.7305,28.39,NaN,NaN,NaN,10.50,NaN,0.2,200,250,-45,61.8293,379,NaN,NaN,NaN,NaN
351.497,455,2287,961400,42.2964,-83.7305,28.39,NaN,NaN,NaN,10.50,NaN,0.2,200,250,-60,61.8293,379,NaN,NaN,NaN,NaN
351.497,455,2287,962300,42.2964,-83.7305,32.11,NaN,NaN,NaN,10.50,NaN,0.2,200,250,-60,61.8293,379,NaN,NaN,NaN,NaN
351.497,455,2287,962400,42.2964,-83.7305,32.11,NaN,NaN,NaN,10.50,NaN,0.2,200,250,-76.5,61.8293,379,NaN,NaN,NaN,NaN
351.497,455,2287,963000,42.2964,-83.7302,32.11,NaN,NaN,NaN,10.50,NaN,0.2,200,250,-76.5,61.8293,379,NaN,NaN,NaN,NaN
351.497,455,2287,963300,42.2964,-83.7302,36.98,NaN,NaN,NaN,10.50,NaN,0.2,200,250,-76.5,61.8293,379,NaN,NaN,NaN,NaN
351.497,455,2287,963500,42.2964,-83.7302,36.98,NaN,NaN,NaN,10.50,NaN,0.2,200,250,-93.5,61.8293,379,NaN,NaN,NaN,NaN
351.497,455,2287,964000,42.2964,-83.7302,36.98,NaN,NaN,NaN,10.50,NaN,0.2,200,250,-93.5,61.8293,369.5,NaN,NaN,NaN,NaN
351.497,455,2287,964400,42.2964,-83.7302,41.53,NaN,NaN,NaN,10.50,NaN,0.2,200,250,-93.5,61.8293,369.5,NaN,NaN,NaN,NaN
351.497,455,2287,964500,42.2964,-83.7302,41.53,NaN,NaN,NaN,10.50,NaN,0.2,200,250,-89.5,61.8293,369.5,NaN,NaN,NaN,NaN
351.497,455,2287,965400,42.2964,-83.7302,48.46,NaN,NaN,NaN,10.50,NaN,0.2,200,250,-89.5,61.8293,369.5,NaN,NaN,NaN,NaN
351.497,455,2287,965600,42.2964,-83.7302,48.46,NaN,NaN,NaN,10.50,NaN,0.2,200,250,-85,61.8293,369.5,NaN,NaN,NaN,NaN
351.497,455,2287,965900,42.2966,-83.7299,48.46,NaN,NaN,NaN,10.50,NaN,0.2,200,250,-85,61.8293,369.5,NaN,NaN,NaN,NaN
351.497,455,2287,966400,42.2966,-83.7299,51.44,NaN,NaN,NaN,10.50,NaN,0.2,200,250,-85,61.8293,369.5,NaN,NaN,NaN,NaN
351.497,455,2287,966600,42.2966,-83.7299,51.44,NaN,NaN,NaN,10.50,NaN,0.2,200,250,-82,61.8293,369.5,NaN,NaN,NaN,NaN
351.497,455,2287,967500,42.2966,-83.7299,54.19,NaN,NaN,NaN,10.50,NaN,0.2,200,250,-82,61.8293,369.5,NaN,NaN,NaN,NaN
351.497,455,2287,967600,42.2966,-83.7299,54.19,NaN,NaN,NaN,10.50,NaN,0.2,200,250,-82.5,61.8293,369.5,NaN,NaN,NaN,NaN
351.497,455,2287,968500,42.2966,-83.7299,56.73,NaN,NaN,NaN,10.50,NaN,0.2,200,250,-82.5,61.8293,369.5,NaN,NaN,NaN,NaN
351.497,455,2287,968700,42.2966,-83.7299,56.73,NaN,NaN,NaN,10.50,NaN,0.2,200,250,-77.5,61.8293,369.5,NaN,NaN,NaN,NaN
351.497,455,2287,968900,42.2968,-83.7295,56.73,NaN,NaN,NaN,10.50,NaN,0.2,200,250,-77.5,61.8293,369.5,NaN,NaN,NaN,NaN
351.497,455,2287,969000,42.2968,-83.7295,56.73,NaN,NaN,NaN,10.50,NaN,0.2,200,250,-77.5,61.8293,370,NaN,NaN,NaN,NaN
351.497,455,2287,969600,42.2968,-83.7295,58.62,NaN,NaN,NaN,10.50,NaN,0.2,200,250,-77.5,61.8293,370,NaN,NaN,NaN,NaN
351.497,455,2287,969700,42.2968,-83.7295,58.62,NaN,NaN,NaN,10.50,NaN,0.2,200,250,-74,61.8293,370,NaN,NaN,NaN,NaN
351.497,455,2287,970600,42.2968,-83.7295,59.6,NaN,NaN,NaN,10.50,NaN,0.2,200,250,-74,61.8293,370,NaN,NaN,NaN,NaN
351.497,455,2287,970800,42.2968,-83.7295,59.6,NaN,NaN,NaN,10.50,NaN,0.2,200,250,-54,61.8293,370,NaN,NaN,NaN,NaN
351.497,455,2287,971600,42.2968,-83.7295,60.64,NaN,NaN,NaN,10.50,NaN,0.2,200,250,-54,61.8293,370,NaN,NaN,NaN,NaN
351.497,455,2287,971800,42.2968,-83.7295,60.64,NaN,NaN,NaN,10.50,NaN,0.2,200,250,-38.5,61.8293,370,NaN,NaN,NaN,NaN
351.497,455,2287,971900,42.2971,-83.7291,60.64,NaN,NaN,NaN,10.50,NaN,0.2,200,250,-38.5,61.8293,370,NaN,NaN,NaN,NaN
351.497,455,2287,972700,42.2971,-83.7291,61.95,NaN,NaN,NaN,10.50,NaN,0.2,200,250,-38.5,61.8293,370,NaN,NaN,NaN,NaN
351.497,455,2287,972800,42.2971,-83.7291,61.95,NaN,NaN,NaN,10.50,NaN,0.2,200,250,-44.5,61.8293,370,NaN,NaN,NaN,NaN
351.497,455,2287,973700,42.2971,-83.7291,63.46,NaN,NaN,NaN,10.50,NaN,0.2,200,250,-44.5,61.8293,370,NaN,NaN,NaN,NaN
351.497,455,2287,973900,42.2971,-83.7291,63.46,NaN,NaN,NaN,10.50,NaN,0.2,200,250,-48,61.8293,370,NaN,NaN,NaN,NaN
351.497,455,2287,974000,42.2971,-83.7291,63.46,NaN,NaN,NaN,10.50,NaN,0.2,200,250,-48,61.8293,372.5,NaN,NaN,NaN,NaN
351.497,455,2287,974800,42.2971,-83.7291,64.37,NaN,NaN,NaN,10.50,NaN,0.2,200,250,-48,61.8293,372.5,NaN,NaN,NaN,NaN
351.497,455,2287,974900,42.2974,-83.7286,64.37,NaN,NaN,NaN,10.50,NaN,0.2,200,250,-36.5,61.8293,372.5,NaN,NaN,NaN,NaN
351.497,455,2287,975800,42.2974,-83.7286,65.24,NaN,NaN,NaN,10.50,NaN,0.2,200,250,-36.5,61.8293,372.5,NaN,NaN,NaN,NaN
351.497,455,2287,976000,42.2974,-83.7286,65.24,NaN,NaN,NaN,10.50,NaN,0.2,200,250,-36,61.8293,372.5,NaN,NaN,NaN,NaN
351.497,455,2287,976800,42.2974,-83.7286,66.19,NaN,NaN,NaN,10.50,NaN,0.2,200,250,-36,61.8293,372.5,NaN,NaN,NaN,NaN
351.497,455,2287,977000,42.2974,-83.7286,66.19,NaN,NaN,NaN,10.50,NaN,0.2,200,250,-9.5,61.8293,372.5,NaN,NaN,NaN,NaN
351.497,455,2287,977900,42.2974,-83.7286,66.93,NaN,NaN,NaN,10.50,NaN,0.2,200,250,-9.5,61.8293,372.5,NaN,NaN,NaN,NaN
351.497,455,2287,978000,42.2977,-83.7281,66.93,NaN,NaN,NaN,10.50,NaN,0.2,200,250,-28,61.8293,372.5,NaN,NaN,NaN,NaN
351.497,455,2287,978900,42.2977,-83.7281,67.42,NaN,NaN,NaN,10.50,NaN,0.2,200,250,-28,61.8293,372.5,NaN,NaN,NaN,NaN
351.497,455,2287,979100,42.2977,-83.7281,67.42,NaN,NaN,NaN,10.50,NaN,0.2,200,250,-26,61.8293,374.5,NaN,NaN,NaN,NaN
351.497,455,2287,980000,42.2977,-83.7281,68.11,NaN,NaN,NaN,10.50,NaN,0.2,200,250,-26,61.8293,374.5,NaN,NaN,NaN,NaN
351.497,455,2287,980100,42.2977,-83.7281,68.11,NaN,NaN,NaN,10.50,NaN,0.2,200,250,-31.5,61.8293,374.5,NaN,NaN,NaN,NaN
351.497,455,2287,981000,42.298,-83.7276,68.47,NaN,NaN,NaN,10.50,NaN,0.2,200,250,-31.5,61.8293,374.5,NaN,NaN,NaN,NaN
351.497,455,2287,981200,42.298,-83.7276,68.47,NaN,NaN,NaN,10.50,NaN,0.2,200,250,-15,61.8293,374.5,NaN,NaN,NaN,NaN
351.497,455,2287,982000,42.298,-83.7276,68.93,NaN,NaN,NaN,10.50,NaN,0.2,200,250,-15,61.8293,374.5,NaN,NaN,NaN,NaN
351.497,455,2287,982200,42.298,-83.7276,68.93,NaN,NaN,NaN,10.50,NaN,0.2,200,250,-27.5,61.8293,374.5,NaN,NaN,NaN,NaN
351.497,455,2287,983100,42.298,-83.7276,69.42,NaN,NaN,NaN,10.50,NaN,0.2,200,250,-27.5,61.8293,374.5,NaN,NaN,NaN,NaN
351.497,455,2287,983200,42.298,-83.7276,69.42,NaN,NaN,NaN,10.50,NaN,0.2,200,250,-39,61.8293,374.5,NaN,NaN,NaN,NaN
351.497,455,2287,983900,42.2984,-83.7272,69.42,NaN,NaN,NaN,10.50,NaN,0.2,200,250,-39,61.8293,374.5,NaN,NaN,NaN,NaN
351.497,455,2287,984100,42.2984,-83.7272,70.06,NaN,NaN,NaN,10.50,NaN,0.2,200,250,-39,61.8293,373,NaN,NaN,NaN,NaN
351.497,455,2287,984300,42.2984,-83.7272,70.06,NaN,NaN,NaN,10.50,NaN,0.2,200,250,-51.5,61.8293,373,NaN,NaN,NaN,NaN
351.497,455,2287,985200,42.2984,-83.7272,70.84,NaN,NaN,NaN,10.50,NaN,0.2,200,250,-51.5,61.8293,373,NaN,NaN,NaN,NaN
351.497,455,2287,985300,42.2984,-83.7272,70.84,NaN,NaN,NaN,10.50,NaN,0.2,200,250,-52,61.8293,373,NaN,NaN,NaN,NaN
351.497,455,2287,986200,42.2984,-83.7272,71.08,NaN,NaN,NaN,10.50,NaN,0.2,200,250,-52,61.8293,373,NaN,NaN,NaN,NaN
351.497,455,2287,986400,42.2984,-83.7272,71.08,NaN,NaN,NaN,10.50,NaN,0.2,200,250,-41,61.8293,373,NaN,NaN,NaN,NaN
351.497,455,2287,986900,42.2988,-83.7267,71.08,NaN,NaN,NaN,10.50,NaN,0.2,200,250,-41,61.8293,373,NaN,NaN,NaN,NaN
351.497,455,2287,987200,42.2988,-83.7267,70.32,NaN,NaN,NaN,10.50,NaN,0.2,200,250,-41,61.8293,373,NaN,NaN,NaN,NaN
351.497,455,2287,987400,42.2988,-83.7267,70.32,NaN,NaN,NaN,10.50,NaN,0.2,200,250,-12.5,61.8293,373,NaN,NaN,NaN,NaN
351.497,455,2287,988300,42.2988,-83.7267,68.64,NaN,NaN,NaN,10.50,NaN,0.2,200,250,-12.5,61.8293,373,NaN,NaN,NaN,NaN
351.497,455,2287,988400,42.2988,-83.7267,68.64,NaN,NaN,NaN,10.50,NaN,0.2,200,250,-25,61.8293,373,NaN,NaN,NaN,NaN
351.497,455,2287,989200,42.2988,-83.7267,68.64,NaN,NaN,NaN,10.50,NaN,0.2,200,250,-25,61.8293,375.5,NaN,NaN,NaN,NaN
351.497,455,2287,989300,42.2988,-83.7267,68.02,NaN,NaN,NaN,10.50,NaN,0.2,200,250,-25,61.8293,375.5,NaN,NaN,NaN,NaN
351.497,455,2287,989500,42.2988,-83.7267,68.02,NaN,NaN,NaN,10.50,NaN,0.2,200,250,-35.5,61.8293,375.5,NaN,NaN,NaN,NaN
351.497,455,2287,990000,42.2991,-83.7262,68.02,NaN,NaN,NaN,10.50,NaN,0.2,200,250,-35.5,61.8293,375.5,NaN,NaN,NaN,NaN
351.497,455,2287,990400,42.2991,-83.7262,68.43,NaN,NaN,NaN,10.50,NaN,0.2,200,250,-35.5,61.8293,375.5,NaN,NaN,NaN,NaN
351.497,455,2287,990500,42.2991,-83.7262,68.43,NaN,NaN,NaN,10.50,NaN,0.2,200,250,-59,61.8293,375.5,NaN,NaN,NaN,NaN
351.497,455,2287,991400,42.2991,-83.7262,70.13,NaN,NaN,NaN,10.50,NaN,0.2,200,250,-59,61.8293,375.5,NaN,NaN,NaN,NaN
351.497,455,2287,991600,42.2991,-83.7262,70.13,NaN,NaN,NaN,10.50,NaN,0.2,200,250,-60,61.8293,375.5,NaN,NaN,NaN,NaN
351.497,455,2287,992500,42.2991,-83.7262,69.57,NaN,NaN,NaN,10.50,NaN,0.2,200,250,-60,61.8293,375.5,NaN,NaN,NaN,NaN
351.497,455,2287,992600,42.2991,-83.7262,69.57,NaN,NaN,NaN,10.50,NaN,0.2,200,250,-28.5,61.8293,375.5,NaN,NaN,NaN,NaN
351.497,455,2287,993000,42.2994,-83.7256,69.57,NaN,NaN,NaN,10.50,NaN,0.2,200,250,-28.5,61.8293,375.5,NaN,NaN,NaN,NaN
351.497,455,2287,993600,42.2994,-83.7256,69.37,NaN,NaN,NaN,10.50,NaN,0.2,200,250,-28.5,61.8293,375.5,NaN,NaN,NaN,NaN
351.497,455,2287,993700,42.2994,-83.7256,69.37,NaN,NaN,NaN,10.50,NaN,0.2,200,250,-31.5,61.8293,375.5,NaN,NaN,NaN,NaN
351.497,455,2287,994200,42.2994,-83.7256,69.37,NaN,NaN,NaN,10.50,NaN,0.2,200,250,-31.5,61.8293,374,NaN,NaN,NaN,NaN
351.497,455,2287,994700,42.2994,-83.7256,69.8,NaN,NaN,NaN,10.50,NaN,0.2,200,250,-31.5,61.8293,374,NaN,NaN,NaN,NaN
351.497,455,2287,994800,42.2994,-83.7256,69.8,NaN,NaN,NaN,10.50,NaN,0.2,200,250,-50,61.8293,374,NaN,NaN,NaN,NaN
351.497,455,2287,995800,42.2994,-83.7256,69.56,NaN,NaN,NaN,10.50,NaN,0.2,200,250,-50,61.8293,374,NaN,NaN,NaN,NaN
351.497,455,2287,995900,42.2994,-83.7256,69.56,NaN,NaN,NaN,10.50,NaN,0.2,200,250,-24,61.8293,374,NaN,NaN,NaN,NaN
351.497,455,2287,996000,42.2995,-83.7249,69.56,NaN,NaN,NaN,10.50,NaN,0.2,200,250,-24,61.8293,374,NaN,NaN,NaN,NaN
351.497,455,2287,996800,42.2995,-83.7249,68.94,NaN,NaN,NaN,10.50,NaN,0.2,200,250,-24,61.8293,374,NaN,NaN,NaN,NaN
351.497,455,2287,996900,42.2995,-83.7249,68.94,NaN,NaN,NaN,10.50,NaN,0.2,200,250,-31,61.8293,374,NaN,NaN,NaN,NaN
351.497,455,2287,997800,42.2995,-83.7249,68.51,NaN,NaN,NaN,10.50,NaN,0.2,200,250,-31,61.8293,374,NaN,NaN,NaN,NaN
351.497,455,2287,997900,42.2995,-83.7249,68.51,NaN,NaN,NaN,10.50,NaN,0.2,200,250,-32,61.8293,374,NaN,NaN,NaN,NaN
351.497,455,2287,998900,42.2995,-83.7249,66.35,NaN,NaN,NaN,10.50,NaN,0.2,200,250,-32,61.8293,374,NaN,NaN,NaN,NaN
351.497,455,2287,999000,42.2995,-83.7243,66.35,NaN,NaN,NaN,10.50,NaN,0.2,200,250,16,61.8293,374,NaN,NaN,NaN,NaN
351.497,455,2287,999200,42.2995,-83.7243,66.35,NaN,NaN,NaN,10.50,NaN,0.2,200,250,16,61.8293,378,NaN,NaN,NaN,NaN
351.497,455,2287,999900,42.2995,-83.7243,64.16,NaN,NaN,NaN,10.50,NaN,0.2,200,250,16,61.8293,378,NaN,NaN,NaN,NaN
351.497,455,2287,1000000,42.2995,-83.7243,64.16,NaN,NaN,NaN,10.50,NaN,0.2,200,250,13,61.8293,378,NaN,NaN,NaN,NaN
351.497,455,2287,1001000,42.2995,-83.7243,64.04,NaN,NaN,NaN,10.50,NaN,0.2,200,250,-45,61.8293,378,NaN,NaN,NaN,NaN
351.497,455,2287,1002000,42.2992,-83.7237,64.26,NaN,NaN,NaN,10.50,NaN,0.2,200,250,-45,61.8293,378,NaN,NaN,NaN,NaN
351.497,455,2287,1002100,42.2992,-83.7237,64.26,NaN,NaN,NaN,10.50,NaN,0.2,200,250,-52.5,61.8293,378,NaN,NaN,NaN,NaN
351.497,455,2287,1003000,42.2992,-83.7237,64.92,NaN,NaN,NaN,10.50,NaN,0.2,200,250,-52.5,61.8293,378,NaN,NaN,NaN,NaN
351.497,455,2287,1003100,42.2992,-83.7237,64.92,NaN,NaN,NaN,10.50,NaN,0.2,200,250,-57.5,61.8293,378,NaN,NaN,NaN,NaN
351.497,455,2287,1004100,42.2992,-83.7237,65.42,NaN,NaN,NaN,10.50,NaN,0.2,200,250,-57.5,61.8293,378,NaN,NaN,NaN,NaN
351.497,455,2287,1004200,42.2992,-83.7237,65.42,NaN,NaN,NaN,10.50,NaN,0.2,200,250,-55,61.8293,371,NaN,NaN,NaN,NaN
351.497,455,2287,1005000,42.299,-83.7232,65.42,NaN,NaN,NaN,10.50,NaN,0.2,200,250,-55,61.8293,371,NaN,NaN,NaN,NaN
351.497,455,2287,1005100,42.299,-83.7232,65.14,NaN,NaN,NaN,10.50,NaN,0.2,200,250,-55,61.8293,371,NaN,NaN,NaN,NaN
351.497,455,2287,1005200,42.299,-83.7232,65.14,NaN,NaN,NaN,10.50,NaN,0.2,200,250,-35,61.8293,371,NaN,NaN,NaN,NaN
351.497,455,2287,1006200,42.299,-83.7232,64.57,NaN,NaN,NaN,10.50,NaN,0.2,200,250,-12,61.8293,371,NaN,NaN,NaN,NaN
351.497,455,2287,1007200,42.299,-83.7232,63.35,NaN,NaN,NaN,10.50,NaN,0.2,200,250,-12,61.8293,371,NaN,NaN,NaN,NaN
351.497,455,2287,1007300,42.299,-83.7232,63.35,NaN,NaN,NaN,10.50,NaN,0.2,200,250,-23,61.8293,371,NaN,NaN,NaN,NaN
351.497,455,2287,1008000,42.2986,-83.7228,63.35,NaN,NaN,NaN,10.50,NaN,0.2,200,250,-23,61.8293,371,NaN,NaN,NaN,NaN
351.497,455,2287,1008200,42.2986,-83.7228,62.33,NaN,NaN,NaN,10.50,NaN,0.2,200,250,-23,61.8293,371,NaN,NaN,NaN,NaN
351.497,455,2287,1008300,42.2986,-83.7228,62.33,NaN,NaN,NaN,10.50,NaN,0.2,200,250,-26,61.8293,371,NaN,NaN,NaN,NaN
351.497,455,2287,1009300,42.2986,-83.7228,61.64,NaN,NaN,NaN,10.50,NaN,0.2,200,250,-26,61.8293,374,NaN,NaN,NaN,NaN
351.497,455,2287,1009400,42.2986,-83.7228,61.64,NaN,NaN,NaN,10.50,NaN,0.2,200,250,-30.5,61.8293,374,NaN,NaN,NaN,NaN
351.497,455,2287,1010300,42.2986,-83.7228,61.22,NaN,NaN,NaN,10.50,NaN,0.2,200,250,-30.5,61.8293,374,NaN,NaN,NaN,NaN
351.497,455,2287,1010400,42.2986,-83.7228,61.22,NaN,NaN,NaN,10.50,NaN,0.2,200,250,-44,61.8293,374,NaN,NaN,NaN,NaN
351.497,455,2287,1010900,42.2984,-83.7223,61.22,NaN,NaN,NaN,10.50,NaN,0.2,200,250,-44,61.8293,374,NaN,NaN,NaN,NaN
351.497,455,2287,1011400,42.2984,-83.7223,61.31,NaN,NaN,NaN,10.50,NaN,0.2,200,250,-51,61.8293,374,NaN,NaN,NaN,NaN
351.497,455,2287,1012400,42.2984,-83.7223,61.56,NaN,NaN,NaN,10.50,NaN,0.2,200,250,-51,61.8293,374,NaN,NaN,NaN,NaN
351.497,455,2287,1013400,42.2984,-83.7223,60.65,NaN,NaN,NaN,10.50,NaN,0.2,200,250,-51,61.8293,374,NaN,NaN,NaN,NaN
351.497,455,2287,1013500,42.2984,-83.7223,60.65,NaN,NaN,NaN,10.50,NaN,0.2,200,250,-29,61.8293,374,NaN,NaN,NaN,NaN
351.497,455,2287,1013800,42.2984,-83.7223,60.65,NaN,NaN,NaN,10.50,NaN,0.2,200,250,-29,60.2439,374,NaN,NaN,NaN,NaN
351.497,455,2287,1013900,42.2981,-83.7217,60.65,NaN,NaN,NaN,10.50,NaN,0.2,200,250,-29,60.2439,374,NaN,NaN,NaN,NaN
351.497,455,2287,1014500,42.2981,-83.7217,60.24,NaN,NaN,NaN,10.50,NaN,0.2,200,250,-29,60.2439,374,NaN,NaN,NaN,NaN
351.497,455,2287,1014600,42.2981,-83.7217,60.24,NaN,NaN,NaN,10.50,NaN,0.2,200,250,-31.5,60.2439,374,NaN,NaN,NaN,NaN
351.497,455,2287,1015500,42.2981,-83.7217,60.4,NaN,NaN,NaN,10.50,NaN,0.2,200,250,-31.5,60.2439,374,NaN,NaN,NaN,NaN
351.497,455,2287,1015600,42.2981,-83.7217,60.4,NaN,NaN,NaN,10.50,NaN,0.2,200,250,-46.5,60.2439,374,NaN,NaN,NaN,NaN
351.497,455,2287,1016600,42.2981,-83.7217,59.49,NaN,NaN,NaN,10.50,NaN,0.2,200,250,-12.5,60.2439,374,NaN,NaN,NaN,NaN
351.497,455,2287,1017000,42.298,-83.7212,59.49,NaN,NaN,NaN,10.50,NaN,0.2,200,250,-12.5,60.2439,374,NaN,NaN,NaN,NaN
351.497,455,2287,1017600,42.298,-83.7212,58.64,NaN,NaN,NaN,10.50,NaN,0.2,200,250,-12.5,60.2439,374,NaN,NaN,NaN,NaN
351.497,455,2287,1017700,42.298,-83.7212,58.64,NaN,NaN,NaN,10.50,NaN,0.2,200,250,-25,60.2439,374,NaN,NaN,NaN,NaN
351.497,455,2287,1018600,42.298,-83.7212,59.29,NaN,NaN,NaN,10.50,NaN,0.2,200,250,-25,60.2439,374,NaN,NaN,NaN,NaN
351.497,455,2287,1018700,42.298,-83.7212,59.29,NaN,NaN,NaN,10.50,NaN,0.2,200,250,-54.5,60.2439,374,NaN,NaN,NaN,NaN
351.497,455,2287,1019400,42.298,-83.7212,59.29,NaN,NaN,NaN,10.50,NaN,0.2,200,250,-54.5,60.2439,371.5,NaN,NaN,NaN,NaN
351.497,455,2287,1019700,42.298,-83.7212,61.22,NaN,NaN,NaN,10.50,NaN,0.2,200,250,-54.5,60.2439,371.5,NaN,NaN,NaN,NaN
351.497,455,2287,1019800,42.298,-83.7212,61.22,NaN,NaN,NaN,10.50,NaN,0.2,200,250,-66.5,60.2439,371.5,NaN,NaN,NaN,NaN
351.497,455,2287,1020000,42.298,-83.7206,61.22,NaN,NaN,NaN,10.50,NaN,0.2,200,250,-66.5,60.2439,371.5,NaN,NaN,NaN,NaN
351.497,455,2287,1020700,42.298,-83.7206,62.55,NaN,NaN,NaN,10.50,NaN,0.2,200,250,-66.5,60.2439,371.5,NaN,NaN,NaN,NaN
351.497,455,2287,1020800,42.298,-83.7206,62.55,NaN,NaN,NaN,10.50,NaN,0.2,200,250,-73.5,60.2439,371.5,NaN,NaN,NaN,NaN
351.497,455,2287,1021800,42.298,-83.7206,64.73,NaN,NaN,NaN,10.50,NaN,0.2,200,250,-81.5,60.2439,371.5,NaN,NaN,NaN,NaN
351.497,455,2287,1022800,42.298,-83.7206,66.98,NaN,NaN,NaN,10.50,NaN,0.2,200,250,-81.5,60.2439,371.5,NaN,NaN,NaN,NaN
351.497,455,2287,1022900,42.298,-83.7199,66.98,NaN,NaN,NaN,10.50,NaN,0.2,200,250,-84.5,60.2439,371.5,NaN,NaN,NaN,NaN
351.497,455,2287,1023800,42.298,-83.7199,68.76,NaN,NaN,NaN,10.50,NaN,0.2,200,250,-84.5,60.2439,371.5,NaN,NaN,NaN,NaN
351.497,455,2287,1023900,42.298,-83.7199,68.76,NaN,NaN,NaN,10.50,NaN,0.2,200,250,-57.5,60.2439,371.5,NaN,NaN,NaN,NaN
351.497,455,2287,1024400,42.298,-83.7199,68.76,NaN,NaN,NaN,10.50,NaN,0.2,200,250,-57.5,60.2439,369.5,NaN,NaN,NaN,NaN
351.497,455,2287,1024900,42.298,-83.7199,70.28,NaN,NaN,NaN,10.50,NaN,0.2,200,250,-57.5,60.2439,369.5,NaN,NaN,NaN,NaN
351.497,455,2287,1025000,42.298,-83.7199,70.28,NaN,NaN,NaN,10.50,NaN,0.2,200,250,-74,60.2439,369.5,NaN,NaN,NaN,NaN
351.497,455,2287,1025900,42.2981,-83.7193,71.87,NaN,NaN,NaN,10.50,NaN,0.2,200,250,-74,60.2439,369.5,NaN,NaN,NaN,NaN
351.497,455,2287,1027000,42.2981,-83.7193,73.17,NaN,NaN,NaN,10.50,NaN,0.2,200,250,-74,60.2439,369.5,NaN,NaN,NaN,NaN
351.497,455,2287,1027100,42.2981,-83.7193,73.17,NaN,NaN,NaN,10.50,NaN,0.2,200,250,-63.5,60.2439,369.5,NaN,NaN,NaN,NaN
351.497,455,2287,1028000,42.2981,-83.7193,74.06,NaN,NaN,NaN,10.50,NaN,0.2,200,250,-63.5,60.2439,369.5,NaN,NaN,NaN,NaN
351.497,455,2287,1028200,42.2981,-83.7193,74.06,NaN,NaN,NaN,10.50,NaN,0.2,200,250,-46,60.2439,369.5,NaN,NaN,NaN,NaN
351.497,455,2287,1029000,42.2984,-83.7187,74.06,NaN,NaN,NaN,10.50,NaN,0.2,200,250,-46,60.2439,369.5,NaN,NaN,NaN,NaN
351.497,455,2287,1029100,42.2984,-83.7187,72.57,NaN,NaN,NaN,10.50,NaN,0.2,200,250,-46,60.2439,369.5,NaN,NaN,NaN,NaN
351.497,455,2287,1029200,42.2984,-83.7187,72.57,NaN,NaN,NaN,10.50,NaN,0.2,200,250,32,60.2439,369.5,NaN,NaN,NaN,NaN
351.497,455,2287,1029500,42.2984,-83.7187,72.57,NaN,NaN,NaN,10.50,NaN,0.2,200,250,32,60.2439,378,NaN,NaN,NaN,NaN
351.497,455,2287,1030200,42.2984,-83.7187,71.43,NaN,NaN,NaN,10.50,NaN,0.2,200,250,32,60.2439,378,NaN,NaN,NaN,NaN
351.497,455,2287,1030300,42.2984,-83.7187,71.43,NaN,NaN,NaN,10.50,NaN,0.2,200,250,-14.5,60.2439,378,NaN,NaN,NaN,NaN
351.497,455,2287,1031300,42.2984,-83.7187,71.6,NaN,NaN,NaN,10.50,NaN,0.2,200,250,-14.5,60.2439,378,NaN,NaN,NaN,NaN
351.497,455,2287,1031400,42.2984,-83.7187,71.6,NaN,NaN,NaN,10.50,NaN,0.2,200,250,-5,60.2439,378,NaN,NaN,NaN,NaN
351.497,455,2287,1032300,42.2984,-83.7187,70.03,NaN,NaN,NaN,10.50,NaN,0.2,200,250,-5,60.2439,378,NaN,NaN,NaN,NaN
351.497,455,2287,1032400,42.2984,-83.7187,70.03,NaN,NaN,NaN,10.50,NaN,0.2,200,250,36,60.2439,378,NaN,NaN,NaN,NaN
351.497,455,2287,1033000,42.2988,-83.7179,70.03,NaN,NaN,NaN,10.50,NaN,0.2,200,250,36,60.2439,378,NaN,NaN,NaN,NaN
351.497,455,2287,1033300,42.2988,-83.7179,66.19,NaN,NaN,NaN,10.50,NaN,0.2,200,250,36,60.2439,378,NaN,NaN,NaN,NaN
351.497,455,2287,1033500,42.2988,-83.7179,66.19,NaN,NaN,NaN,10.50,NaN,0.2,200,250,70.5,60.2439,378,NaN,NaN,NaN,NaN
351.497,455,2287,1034400,42.2988,-83.7179,58.72,NaN,NaN,NaN,10.50,NaN,0.2,200,250,70.5,60.2439,378,NaN,NaN,NaN,NaN
351.497,455,2287,1034500,42.2988,-83.7179,58.72,NaN,NaN,NaN,10.50,NaN,0.2,200,250,69,60.2439,382.5,NaN,NaN,NaN,NaN
351.497,455,2287,1035400,42.2988,-83.7179,40.87,NaN,NaN,NaN,10.50,NaN,0.2,200,250,69,60.2439,382.5,NaN,NaN,NaN,NaN
351.497,455,2287,1035600,42.2988,-83.7179,40.87,NaN,NaN,NaN,10.50,NaN,0.2,200,250,71.5,60.2439,382.5,NaN,NaN,NaN,NaN
351.497,455,2287,1035900,42.299,-83.7174,40.87,NaN,NaN,NaN,10.50,NaN,0.2,200,250,71.5,60.2439,382.5,NaN,NaN,NaN,NaN
351.497,455,2287,1036400,42.299,-83.7174,29.83,NaN,NaN,NaN,10.50,NaN,0.2,200,250,71.5,60.2439,382.5,NaN,NaN,NaN,NaN
351.497,455,2287,1036600,42.299,-83.7174,29.83,NaN,NaN,NaN,10.50,NaN,0.2,200,250,69.5,60.2439,382.5,NaN,NaN,NaN,NaN
351.497,455,2287,1037500,42.299,-83.7174,19.87,NaN,NaN,NaN,10.50,NaN,0.2,200,250,69.5,60.2439,382.5,NaN,NaN,NaN,NaN
351.497,455,2287,1037600,42.299,-83.7174,19.87,NaN,NaN,NaN,10.50,NaN,0.2,200,250,52,60.2439,382.5,NaN,NaN,NaN,NaN
351.497,455,2287,1038500,42.299,-83.7174,11.75,NaN,NaN,NaN,10.50,NaN,0.2,200,250,52,60.2439,382.5,NaN,NaN,NaN,NaN
351.497,455,2287,1038700,42.299,-83.7174,11.75,NaN,NaN,NaN,10.50,NaN,0.2,200,250,29.5,60.2439,382.5,NaN,NaN,NaN,NaN
351.497,455,2287,1038900,42.299,-83.7172,11.75,NaN,NaN,NaN,10.50,NaN,0.2,200,250,29.5,60.2439,382.5,NaN,NaN,NaN,NaN
351.497,455,2287,1039600,42.299,-83.7172,9.39,NaN,NaN,NaN,10.50,NaN,0.2,200,250,29.5,60.2439,379.5,NaN,NaN,NaN,NaN
351.497,455,2287,1039700,42.299,-83.7172,9.39,NaN,NaN,NaN,10.50,NaN,0.2,200,250,-1,60.2439,379.5,NaN,NaN,NaN,NaN
351.497,455,2287,1040600,42.299,-83.7172,10.61,NaN,NaN,NaN,10.50,NaN,0.2,200,250,-1,60.2439,379.5,NaN,NaN,NaN,NaN
351.497,455,2287,1040800,42.299,-83.7172,10.61,NaN,NaN,NaN,10.50,NaN,0.2,200,250,-6,60.2439,379.5,NaN,NaN,NaN,NaN
351.497,455,2287,1041600,42.299,-83.7172,16.13,NaN,NaN,NaN,10.50,NaN,0.2,200,250,-6,60.2439,379.5,NaN,NaN,NaN,NaN
351.497,455,2287,1041800,42.299,-83.7172,16.13,NaN,NaN,NaN,10.50,NaN,0.2,200,250,-33.5,60.2439,379.5,NaN,NaN,NaN,NaN
351.497,455,2287,1042000,42.2991,-83.7171,16.13,NaN,NaN,NaN,10.50,NaN,0.2,200,250,-33.5,60.2439,379.5,NaN,NaN,NaN,NaN
351.497,455,2287,1042700,42.2991,-83.7171,24.96,NaN,NaN,NaN,10.50,NaN,0.2,200,250,-33.5,60.2439,379.5,NaN,NaN,NaN,NaN
351.497,455,2287,1042800,42.2991,-83.7171,24.96,NaN,NaN,NaN,10.50,NaN,0.2,200,250,-70.5,60.2439,379.5,NaN,NaN,NaN,NaN
351.497,455,2287,1043700,42.2991,-83.7171,33.76,NaN,NaN,NaN,10.50,NaN,0.2,200,250,-70.5,60.2439,379.5,NaN,NaN,NaN,NaN
351.497,455,2287,1043900,42.2991,-83.7171,33.76,NaN,NaN,NaN,10.50,NaN,0.2,200,250,-97.5,60.2439,379.5,NaN,NaN,NaN,NaN
351.497,455,2287,1044600,42.2991,-83.7171,33.76,NaN,NaN,NaN,10.50,NaN,0.2,200,250,-97.5,60.2439,368,NaN,NaN,NaN,NaN
351.497,455,2287,1044800,42.2991,-83.7171,41.63,NaN,NaN,NaN,10.50,NaN,0.2,200,250,-97.5,60.2439,368,NaN,NaN,NaN,NaN
351.497,455,2287,1044900,42.2992,-83.7169,41.63,NaN,NaN,NaN,10.50,NaN,0.2,200,250,-110.5,60.2439,368,NaN,NaN,NaN,NaN
351.497,455,2287,1045800,42.2992,-83.7169,48,NaN,NaN,NaN,10.50,NaN,0.2,200,250,-110.5,60.2439,368,NaN,NaN,NaN,NaN
351.497,455,2287,1046000,42.2992,-83.7169,48,NaN,NaN,NaN,10.50,NaN,0.2,200,250,-111.5,60.2439,368,NaN,NaN,NaN,NaN
351.497,455,2287,1046800,42.2992,-83.7169,53.67,NaN,NaN,NaN,10.50,NaN,0.2,200,250,-111.5,60.2439,368,NaN,NaN,NaN,NaN
351.497,455,2287,1047000,42.2992,-83.7169,53.67,NaN,NaN,NaN,10.50,NaN,0.2,200,250,-106,60.2439,368,NaN,NaN,NaN,NaN
351.497,455,2287,1047900,42.2992,-83.7169,58.18,NaN,NaN,NaN,10.50,NaN,0.2,200,250,-106,60.2439,368,NaN,NaN,NaN,NaN
351.497,455,2287,1048000,42.2994,-83.7164,58.18,NaN,NaN,NaN,10.50,NaN,0.2,200,250,-110,60.2439,368,NaN,NaN,NaN,NaN
351.497,455,2287,1048900,42.2994,-83.7164,61.85,NaN,NaN,NaN,10.50,NaN,0.2,200,250,-110,60.2439,368,NaN,NaN,NaN,NaN
351.497,455,2287,1049100,42.2994,-83.7164,61.85,NaN,NaN,NaN,10.50,NaN,0.2,200,250,-102,60.2439,368,NaN,NaN,NaN,NaN
351.497,455,2287,1049600,42.2994,-83.7164,61.85,NaN,NaN,NaN,10.50,NaN,0.2,200,250,-102,60.2439,365.5,NaN,NaN,NaN,NaN
351.497,455,2287,1050000,42.2994,-83.7164,64.95,NaN,NaN,NaN,10.50,NaN,0.2,200,250,-102,60.2439,365.5,NaN,NaN,NaN,NaN
351.497,455,2287,1050100,42.2994,-83.7164,64.95,NaN,NaN,NaN,10.50,NaN,0.2,200,250,-96.5,60.2439,365.5,NaN,NaN,NaN,NaN
351.497,455,2287,1050900,42.2996,-83.7159,64.95,NaN,NaN,NaN,10.50,NaN,0.2,200,250,-96.5,60.2439,365.5,NaN,NaN,NaN,NaN
351.497,455,2287,1051000,42.2996,-83.7159,66.4,NaN,NaN,NaN,10.50,NaN,0.2,200,250,-96.5,60.2439,365.5,NaN,NaN,NaN,NaN
351.497,455,2287,1051200,42.2996,-83.7159,66.4,NaN,NaN,NaN,10.50,NaN,0.2,200,250,-74.5,60.2439,365.5,NaN,NaN,NaN,NaN
351.497,455,2287,1052000,42.2996,-83.7159,67.02,NaN,NaN,NaN,10.50,NaN,0.2,200,250,-74.5,60.2439,365.5,NaN,NaN,NaN,NaN
351.497,455,2287,1052200,42.2996,-83.7159,67.02,NaN,NaN,NaN,10.50,NaN,0.2,200,250,-21.5,60.2439,365.5,NaN,NaN,NaN,NaN
351.497,455,2287,1053100,42.2996,-83.7159,66.51,NaN,NaN,NaN,10.50,NaN,0.2,200,250,-21.5,60.2439,365.5,NaN,NaN,NaN,NaN
351.497,455,2287,1053200,42.2996,-83.7159,66.51,NaN,NaN,NaN,10.50,NaN,0.2,200,250,-46.5,60.2439,365.5,NaN,NaN,NaN,NaN
351.497,455,2287,1053900,42.2997,-83.7154,66.51,NaN,NaN,NaN,10.50,NaN,0.2,200,250,-46.5,60.2439,365.5,NaN,NaN,NaN,NaN
351.497,455,2287,1054100,42.2997,-83.7154,65.64,NaN,NaN,NaN,10.50,NaN,0.2,200,250,-46.5,60.2439,365.5,NaN,NaN,NaN,NaN
351.497,455,2287,1054300,42.2997,-83.7154,65.64,NaN,NaN,NaN,10.50,NaN,0.2,200,250,-30,60.2439,365.5,NaN,NaN,NaN,NaN
351.497,455,2287,1054700,42.2997,-83.7154,65.64,NaN,NaN,NaN,10.50,NaN,0.2,200,250,-30,60.2439,372.5,NaN,NaN,NaN,NaN
351.497,455,2287,1055200,42.2997,-83.7154,63.96,NaN,NaN,NaN,10.50,NaN,0.2,200,250,-30,60.2439,372.5,NaN,NaN,NaN,NaN
351.497,455,2287,1055300,42.2997,-83.7154,63.96,NaN,NaN,NaN,10.50,NaN,0.2,200,250,29,60.2439,372.5,NaN,NaN,NaN,NaN
351.497,455,2287,1056200,42.2997,-83.7154,62.18,NaN,NaN,NaN,10.50,NaN,0.2,200,250,29,60.2439,372.5,NaN,NaN,NaN,NaN
351.497,455,2287,1056400,42.2997,-83.7154,62.18,NaN,NaN,NaN,10.50,NaN,0.2,200,250,-23,60.2439,372.5,NaN,NaN,NaN,NaN
351.497,455,2287,1057000,42.3,-83.715,62.18,NaN,NaN,NaN,10.50,NaN,0.2,200,250,-23,60.2439,372.5,NaN,NaN,NaN,NaN
351.497,455,2287,1057200,42.3,-83.715,61.91,NaN,NaN,NaN,10.50,NaN,0.2,200,250,-23,60.2439,372.5,NaN,NaN,NaN,NaN
351.497,455,2287,1057400,42.3,-83.715,61.91,NaN,NaN,NaN,10.50,NaN,0.2,200,250,-29.5,60.2439,372.5,NaN,NaN,NaN,NaN
351.497,455,2287,1058300,42.3,-83.715,61.67,NaN,NaN,NaN,10.50,NaN,0.2,200,250,-29.5,60.2439,372.5,NaN,NaN,NaN,NaN
351.497,455,2287,1058400,42.3,-83.715,61.67,NaN,NaN,NaN,10.50,NaN,0.2,200,250,-31.5,60.2439,372.5,NaN,NaN,NaN,NaN
351.497,455,2287,1059300,42.3,-83.715,61.82,NaN,NaN,NaN,10.50,NaN,0.2,200,250,-31.5,60.2439,372.5,NaN,NaN,NaN,NaN
351.497,455,2287,1059500,42.3,-83.715,61.82,NaN,NaN,NaN,10.50,NaN,0.2,200,250,-37,60.2439,372.5,NaN,NaN,NaN,NaN
351.497,455,2287,1059700,42.3,-83.715,61.82,NaN,NaN,NaN,10.50,NaN,0.2,200,250,-37,60.2439,372,NaN,NaN,NaN,NaN
351.497,455,2287,1059900,42.3003,-83.7146,61.82,NaN,NaN,NaN,10.50,NaN,0.2,200,250,-37,60.2439,372,NaN,NaN,NaN,NaN
351.497,455,2287,1060400,42.3003,-83.7146,62.61,NaN,NaN,NaN,10.50,NaN,0.2,200,250,-37,60.2439,372,NaN,NaN,NaN,NaN
351.497,455,2287,1060500,42.3003,-83.7146,62.61,NaN,NaN,NaN,10.50,NaN,0.2,200,250,-37.5,60.2439,372,NaN,NaN,NaN,NaN
351.497,455,2287,1061400,42.3003,-83.7146,63.79,NaN,NaN,NaN,10.50,NaN,0.2,200,250,-37.5,60.2439,372,NaN,NaN,NaN,NaN
351.497,455,2287,1061600,42.3003,-83.7146,63.79,NaN,NaN,NaN,10.50,NaN,0.2,200,250,-35.5,60.2439,372,NaN,NaN,NaN,NaN
351.497,455,2287,1062500,42.3003,-83.7146,64.73,NaN,NaN,NaN,10.50,NaN,0.2,200,250,-35.5,60.2439,372,NaN,NaN,NaN,NaN
351.497,455,2287,1062600,42.3003,-83.7146,64.73,NaN,NaN,NaN,10.50,NaN,0.2,200,250,-45,60.2439,372,NaN,NaN,NaN,NaN
351.497,455,2287,1063000,42.3006,-83.7142,64.73,NaN,NaN,NaN,10.50,NaN,0.2,200,250,-45,60.2439,372,NaN,NaN,NaN,NaN
351.497,455,2287,1063600,42.3006,-83.7142,66.4,NaN,NaN,NaN,10.50,NaN,0.2,200,250,-45,60.2439,372,NaN,NaN,NaN,NaN
351.497,455,2287,1064600,42.3006,-83.7142,67.37,NaN,NaN,NaN,10.50,NaN,0.2,200,250,-45,60.2439,372,NaN,NaN,NaN,NaN
351.497,455,2287,1064800,42.3006,-83.7142,67.37,NaN,NaN,NaN,10.50,NaN,0.2,200,250,-34,60.2439,371,NaN,NaN,NaN,NaN
351.497,455,2287,1065700,42.3006,-83.7142,67.86,NaN,NaN,NaN,10.50,NaN,0.2,200,250,-34,60.2439,371,NaN,NaN,NaN,NaN
351.497,455,2287,1065800,42.3006,-83.7142,67.86,NaN,NaN,NaN,10.50,NaN,0.2,200,250,-26.5,60.2439,371,NaN,NaN,NaN,NaN
351.497,455,2287,1066000,42.301,-83.7137,67.86,NaN,NaN,NaN,10.50,NaN,0.2,200,250,-26.5,60.2439,371,NaN,NaN,NaN,NaN
351.497,455,2287,1066700,42.301,-83.7137,68.15,NaN,NaN,NaN,10.50,NaN,0.2,200,250,-26.5,60.2439,371,NaN,NaN,NaN,NaN
351.497,455,2287,1066900,42.301,-83.7137,68.15,NaN,NaN,NaN,10.50,NaN,0.2,200,250,-21,60.2439,371,NaN,NaN,NaN,NaN
351.497,455,2287,1067800,42.301,-83.7137,66.95,NaN,NaN,NaN,10.50,NaN,0.2,200,250,-21,60.2439,371,NaN,NaN,NaN,NaN
351.497,455,2287,1067900,42.301,-83.7137,66.95,NaN,NaN,NaN,10.50,NaN,0.2,200,250,31,60.2439,371,NaN,NaN,NaN,NaN
351.497,455,2287,1068800,42.301,-83.7137,66.39,NaN,NaN,NaN,10.50,NaN,0.2,200,250,31,60.2439,371,NaN,NaN,NaN,NaN
351.497,455,2287,1069000,42.3013,-83.7133,66.39,NaN,NaN,NaN,10.50,NaN,0.2,200,250,-17.5,60.2439,371,NaN,NaN,NaN,NaN
351.497,455,2287,1069800,42.3013,-83.7133,67.68,NaN,NaN,NaN,10.50,NaN,0.2,200,250,-17.5,60.2439,374,NaN,NaN,NaN,NaN
351.497,455,2287,1070000,42.3013,-83.7133,67.68,NaN,NaN,NaN,10.50,NaN,0.2,200,250,-16,60.2439,374,NaN,NaN,NaN,NaN
351.497,455,2287,1070900,42.3013,-83.7133,66.95,NaN,NaN,NaN,10.50,NaN,0.2,200,250,-16,60.2439,374,NaN,NaN,NaN,NaN
351.497,455,2287,1071000,42.3013,-83.7133,66.95,NaN,NaN,NaN,10.50,NaN,0.2,200,250,5.5,60.2439,374,NaN,NaN,NaN,NaN
351.497,455,2287,1071900,42.3017,-83.7127,66.61,NaN,NaN,NaN,10.50,NaN,0.2,200,250,5.5,60.2439,374,NaN,NaN,NaN,NaN
351.497,455,2287,1072100,42.3017,-83.7127,66.61,NaN,NaN,NaN,10.50,NaN,0.2,200,250,-14,60.2439,374,NaN,NaN,NaN,NaN
351.497,455,2287,1073000,42.3017,-83.7127,66.53,NaN,NaN,NaN,10.50,NaN,0.2,200,250,-14,60.2439,374,NaN,NaN,NaN,NaN
351.497,455,2287,1073100,42.3017,-83.7127,66.53,NaN,NaN,NaN,10.50,NaN,0.2,200,250,-19.5,60.2439,374,NaN,NaN,NaN,NaN
351.497,455,2287,1073800,42.3017,-83.7127,66.53,NaN,NaN,NaN,10.50,NaN,0.2,200,250,-19.5,59.0244,374,NaN,NaN,NaN,NaN
351.497,455,2287,1074000,42.3017,-83.7127,66.88,NaN,NaN,NaN,10.50,NaN,0.2,200,250,-19.5,59.0244,374,NaN,NaN,NaN,NaN
351.497,455,2287,1074200,42.3017,-83.7127,66.88,NaN,NaN,NaN,10.50,NaN,0.2,200,250,-21,59.0244,374,NaN,NaN,NaN,NaN
351.497,455,2287,1074400,42.3017,-83.7127,66.88,NaN,NaN,NaN,10.50,NaN,0.0,0,250,-21,59.0244,374,NaN,NaN,NaN,NaN
351.497,455,2287,1074500,42.3017,-83.7127,66.88,NaN,NaN,NaN,10.50,NaN,0.0,0,500,-21,59.0244,374,NaN,NaN,NaN,NaN
351.497,455,2287,1074900,42.302,-83.7122,66.88,NaN,NaN,NaN,10.50,NaN,0.0,0,500,-21,59.0244,374,NaN,NaN,NaN,NaN
351.497,455,2287,1075000,42.302,-83.7122,67.23,NaN,NaN,NaN,10.50,NaN,0.0,0,500,-21,59.0244,374,NaN,NaN,NaN,NaN
351.497,455,2287,1075200,42.302,-83.7122,67.23,NaN,NaN,NaN,10.50,NaN,0.0,0,500,-29,59.0244,374,NaN,NaN,NaN,NaN
351.497,455,2287,1076100,42.302,-83.7122,67.98,NaN,NaN,NaN,10.50,NaN,0.0,0,500,-29,59.0244,374,NaN,NaN,NaN,NaN
351.497,455,2287,1076200,42.302,-83.7122,67.98,NaN,NaN,NaN,10.50,NaN,0.0,0,500,-37.5,59.0244,374,NaN,NaN,NaN,NaN
351.497,455,2287,1077100,42.302,-83.7122,68.61,NaN,NaN,NaN,10.50,NaN,0.0,0,500,-37.5,59.0244,374,NaN,NaN,NaN,NaN
351.497,455,2287,1077300,42.302,-83.7122,68.61,NaN,NaN,NaN,10.50,NaN,0.0,0,500,-19.5,59.0244,374,NaN,NaN,NaN,NaN
351.497,455,2287,1078000,42.3022,-83.7116,68.61,NaN,NaN,NaN,10.50,NaN,0.0,0,500,-19.5,59.0244,374,NaN,NaN,NaN,NaN
351.497,455,2287,1078200,42.3022,-83.7116,68.18,NaN,NaN,NaN,10.50,NaN,0.0,0,500,-19.5,59.0244,374,NaN,NaN,NaN,NaN
351.497,455,2287,1078300,42.3022,-83.7116,68.18,NaN,NaN,NaN,10.50,NaN,0.0,0,500,31.5,59.0244,374,NaN,NaN,NaN,NaN
351.497,455,2287,1079200,42.3022,-83.7116,65.72,NaN,NaN,NaN,10.50,NaN,0.0,0,500,31.5,59.0244,374,NaN,NaN,NaN,NaN
351.497,455,2287,1079400,42.3022,-83.7116,65.72,NaN,NaN,NaN,10.50,NaN,0.0,0,500,32.5,59.0244,374,NaN,NaN,NaN,NaN
351.497,455,2287,1079800,42.3022,-83.7116,65.72,NaN,NaN,NaN,10.50,NaN,0.0,0,500,32.5,59.0244,379,NaN,NaN,NaN,NaN
351.497,455,2287,1080200,42.3022,-83.7116,63.55,NaN,NaN,NaN,10.50,NaN,0.0,0,500,32.5,59.0244,379,NaN,NaN,NaN,NaN
351.497,455,2287,1080400,42.3022,-83.7116,63.55,NaN,NaN,NaN,10.50,NaN,0.0,0,500,-10.5,59.0244,379,NaN,NaN,NaN,NaN
351.497,455,2287,1081000,42.3023,-83.7109,63.55,NaN,NaN,NaN,10.50,NaN,0.0,0,500,-10.5,59.0244,379,NaN,NaN,NaN,NaN
351.497,455,2287,1081300,42.3023,-83.7109,63.08,NaN,NaN,NaN,10.50,NaN,0.0,0,500,-10.5,59.0244,379,NaN,NaN,NaN,NaN
351.497,455,2287,1081400,42.3023,-83.7109,63.08,NaN,NaN,NaN,10.50,NaN,0.0,0,500,-19.5,59.0244,379,NaN,NaN,NaN,NaN
351.497,455,2287,1082300,42.3023,-83.7109,62.52,NaN,NaN,NaN,10.50,NaN,0.0,0,500,-19.5,59.0244,379,NaN,NaN,NaN,NaN
351.497,455,2287,1083400,42.3023,-83.7109,62.01,NaN,NaN,NaN,10.50,NaN,0.0,0,500,-19.5,59.0244,379,NaN,NaN,NaN,NaN
351.497,455,2287,1083500,42.3023,-83.7109,62.01,NaN,NaN,NaN,10.50,NaN,0.0,0,500,-19,59.0244,379,NaN,NaN,NaN,NaN
351.497,455,2287,1083900,42.3024,-83.7103,62.01,NaN,NaN,NaN,10.50,NaN,0.0,0,500,-19,59.0244,379,NaN,NaN,NaN,NaN
351.497,455,2287,1084400,42.3024,-83.7103,60.86,NaN,NaN,NaN,10.50,NaN,0.0,0,500,-19,59.0244,379,NaN,NaN,NaN,NaN
351.497,455,2287,1084600,42.3024,-83.7103,60.86,NaN,NaN,NaN,10.50,NaN,0.0,0,500,-22,59.0244,379,NaN,NaN,NaN,NaN
351.497,455,2287,1084900,42.3024,-83.7103,60.86,NaN,NaN,NaN,10.50,NaN,0.0,0,500,-22,59.0244,374,NaN,NaN,NaN,NaN
351.497,455,2287,1085400,42.3024,-83.7103,60.19,NaN,NaN,NaN,10.50,NaN,0.0,0,500,-22,59.0244,374,NaN,NaN,NaN,NaN
351.497,455,2287,1085600,42.3024,-83.7103,60.19,NaN,NaN,NaN,10.50,NaN,0.0,0,500,-15,59.0244,374,NaN,NaN,NaN,NaN
351.497,455,2287,1086500,42.3024,-83.7103,58.26,NaN,NaN,NaN,10.50,NaN,0.0,0,500,-15,59.0244,374,NaN,NaN,NaN,NaN
351.497,455,2287,1086600,42.3024,-83.7103,58.26,NaN,NaN,NaN,10.50,NaN,0.0,0,500,12.5,59.0244,374,NaN,NaN,NaN,NaN
351.497,455,2287,1086900,42.3024,-83.7097,58.26,NaN,NaN,NaN,10.50,NaN,0.0,0,500,12.5,59.0244,374,NaN,NaN,NaN,NaN
351.497,455,2287,1087500,42.3024,-83.7097,54.92,NaN,NaN,NaN,10.50,NaN,0.0,0,500,12.5,59.0244,374,NaN,NaN,NaN,NaN
351.497,455,2287,1087700,42.3024,-83.7097,54.92,NaN,NaN,NaN,10.50,NaN,0.0,0,500,28,59.0244,374,NaN,NaN,NaN,NaN
351.497,455,2287,1088600,42.3024,-83.7097,51.83,NaN,NaN,NaN,10.50,NaN,0.0,0,500,28,59.0244,374,NaN,NaN,NaN,NaN
351.497,455,2287,1088700,42.3024,-83.7097,51.83,NaN,NaN,NaN,10.50,NaN,0.0,0,500,26.5,59.0244,374,NaN,NaN,NaN,NaN
351.497,455,2287,1089600,42.3024,-83.7097,48.82,NaN,NaN,NaN,10.50,NaN,0.0,0,500,26.5,59.0244,374,NaN,NaN,NaN,NaN
351.497,455,2287,1089800,42.3024,-83.7097,48.82,NaN,NaN,NaN,10.50,NaN,0.0,0,500,25,59.0244,374,NaN,NaN,NaN,NaN
351.497,455,2287,1089900,42.3024,-83.7097,48.82,NaN,NaN,NaN,10.50,NaN,0.0,0,500,25,59.0244,379,NaN,NaN,NaN,NaN
351.497,455,2287,1090600,42.3024,-83.7097,45.77,NaN,NaN,NaN,10.50,NaN,0.0,0,500,25,59.0244,379,NaN,NaN,NaN,NaN
351.497,455,2287,1090800,42.3024,-83.7097,45.77,NaN,NaN,NaN,10.50,NaN,0.0,0,500,23.5,59.0244,379,NaN,NaN,NaN,NaN
351.497,455,2287,1090900,42.3024,-83.709,45.77,NaN,NaN,NaN,10.50,NaN,0.0,0,500,23.5,59.0244,379,NaN,NaN,NaN,NaN
351.497,455,2287,1091700,42.3024,-83.709,41.66,NaN,NaN,NaN,10.50,NaN,0.0,0,500,23.5,59.0244,379,NaN,NaN,NaN,NaN
351.497,455,2287,1091800,42.3024,-83.709,41.66,NaN,NaN,NaN,10.50,NaN,0.0,0,500,22.5,59.0244,379,NaN,NaN,NaN,NaN
351.497,455,2287,1092700,42.3024,-83.709,38.11,NaN,NaN,NaN,10.50,NaN,0.0,0,500,22.5,59.0244,379,NaN,NaN,NaN,NaN
351.497,455,2287,1092900,42.3024,-83.709,38.11,NaN,NaN,NaN,10.50,NaN,0.0,0,500,19.5,59.0244,379,NaN,NaN,NaN,NaN
351.497,455,2287,1093800,42.3024,-83.709,30.7,NaN,NaN,NaN,10.50,NaN,0.0,0,500,19.5,59.0244,379,NaN,NaN,NaN,NaN
351.497,455,2287,1093900,42.3025,-83.7087,30.7,NaN,NaN,NaN,10.50,NaN,0.0,0,500,66,59.0244,379,NaN,NaN,NaN,NaN
351.497,455,2287,1094800,42.3025,-83.7087,25.28,NaN,NaN,NaN,10.50,NaN,0.0,0,500,66,59.0244,379,NaN,NaN,NaN,NaN
351.497,455,2287,1095000,42.3025,-83.7087,25.28,NaN,NaN,NaN,10.50,NaN,0.0,0,500,25.5,59.0244,383,NaN,NaN,NaN,NaN
351.497,455,2287,1095800,42.3025,-83.7087,21.05,NaN,NaN,NaN,10.50,NaN,0.0,0,500,25.5,59.0244,383,NaN,NaN,NaN,NaN
351.497,455,2287,1096000,42.3025,-83.7087,21.05,NaN,NaN,NaN,10.50,NaN,0.0,0,500,21.5,59.0244,383,NaN,NaN,NaN,NaN
351.497,455,2287,1096900,42.3025,-83.7087,15.63,NaN,NaN,NaN,10.50,NaN,0.0,0,500,21.5,59.0244,383,NaN,NaN,NaN,NaN
351.497,455,2287,1097000,42.3025,-83.7084,15.63,NaN,NaN,NaN,10.50,NaN,0.0,0,500,21.5,59.0244,383,NaN,NaN,NaN,NaN
351.497,455,2287,1098000,42.3025,-83.7084,9.72,NaN,NaN,NaN,10.50,NaN,0.0,0,500,21.5,59.0244,383,NaN,NaN,NaN,NaN
351.497,455,2287,1098100,42.3025,-83.7084,9.72,NaN,NaN,NaN,10.50,NaN,0.0,0,500,12,59.0244,383,NaN,NaN,NaN,NaN
351.497,455,2287,1099100,42.3025,-83.7084,5.97,NaN,NaN,NaN,10.50,NaN,0.0,0,500,12,59.0244,383,NaN,NaN,NaN,NaN
351.497,455,2287,1099200,42.3025,-83.7084,5.97,NaN,NaN,NaN,10.50,NaN,0.0,0,500,-2.5,59.0244,383,NaN,NaN,NaN,NaN
351.497,455,2287,1100000,42.3025,-83.7084,5.97,NaN,NaN,NaN,10.50,NaN,0.0,0,500,-2.5,59.0244,377.5,NaN,NaN,NaN,NaN
351.497,455,2287,1100200,42.3025,-83.7084,3.92,NaN,NaN,NaN,10.50,NaN,0.0,0,500,-2.5,59.0244,377.5,NaN,NaN,NaN,NaN
351.497,455,2287,1100900,42.3025,-83.7084,0,NaN,NaN,NaN,10.50,NaN,0.0,0,500,-2.5,59.1463,377.5,NaN,NaN,NaN,NaN
351.497,455,2287,1101100,42.3025,-83.7084,0,NaN,NaN,NaN,10.50,NaN,0.0,0,500,-3,59.1463,377.5,NaN,NaN,NaN,NaN
351.497,455,2287,1101500,42.3025,-83.7084,0,NaN,NaN,NaN,10.00,NaN,0.0,0,500,-3,59.1463,377.5,NaN,NaN,NaN,NaN
351.497,455,2287,1104200,42.3025,-83.7084,0,NaN,NaN,NaN,10.00,NaN,0.0,0,500,-2.5,59.1463,377.5,NaN,NaN,NaN,NaN
351.497,455,2287,1106300,42.3025,-83.7084,0,NaN,NaN,NaN,10.00,NaN,0.0,0,500,-1,59.1463,377.5,NaN,NaN,NaN,NaN
351.497,455,2287,1107300,42.3025,-83.7084,0,NaN,NaN,NaN,10.00,NaN,0.0,0,500,-2,59.1463,377.5,NaN,NaN,NaN,NaN
351.497,455,2287,1109400,42.3025,-83.7084,0,NaN,NaN,NaN,10.00,NaN,0.0,0,500,-3.5,59.1463,377.5,NaN,NaN,NaN,NaN
351.497,455,2287,1110400,42.3025,-83.7084,0,NaN,NaN,NaN,10.00,NaN,0.0,0,500,-3,59.1463,377.5,NaN,NaN,NaN,NaN
351.497,455,2287,1111500,42.3025,-83.7084,0,NaN,NaN,NaN,10.00,NaN,0.0,0,500,-3.5,59.1463,377.5,NaN,NaN,NaN,NaN
351.497,455,2287,1111900,42.3025,-83.7083,0,NaN,NaN,NaN,10.00,NaN,0.0,0,500,-3.5,59.1463,377.5,NaN,NaN,NaN,NaN
351.497,455,2287,1112900,42.3025,-83.7083,2.97,NaN,NaN,NaN,10.00,NaN,0.0,0,500,-3.5,59.1463,377,NaN,NaN,NaN,NaN
351.497,455,2287,1113100,42.3025,-83.7083,2.97,NaN,NaN,NaN,10.00,NaN,0.0,0,500,-14.5,59.1463,377,NaN,NaN,NaN,NaN
351.497,455,2287,1113500,42.3025,-83.7083,2.97,NaN,NaN,NaN,10.00,NaN,0.2,200,500,-14.5,59.1463,377,NaN,NaN,NaN,NaN
351.497,455,2287,1114000,42.3025,-83.7083,6.98,NaN,NaN,NaN,10.00,NaN,0.2,200,500,-14.5,59.1463,377,NaN,NaN,NaN,NaN
351.497,455,2287,1115000,42.3025,-83.7083,15.39,NaN,NaN,NaN,10.00,NaN,0.2,200,500,-14.5,59.1463,377,NaN,NaN,NaN,NaN
351.497,455,2287,1115200,42.3025,-83.7083,15.39,NaN,NaN,NaN,10.00,NaN,0.2,200,500,-45,59.1463,377,NaN,NaN,NaN,NaN
351.497,455,2287,1115900,42.3025,-83.7082,15.39,NaN,NaN,NaN,10.00,NaN,0.2,200,500,-45,59.1463,377,NaN,NaN,NaN,NaN
351.497,455,2287,1116000,42.3025,-83.7082,17.59,NaN,NaN,NaN,10.00,NaN,0.2,200,500,-45,59.1463,377,NaN,NaN,NaN,NaN
351.497,455,2287,1116200,42.3025,-83.7082,17.59,NaN,NaN,NaN,10.00,NaN,0.2,200,500,-58,59.1463,377,NaN,NaN,NaN,NaN
351.497,455,2287,1117100,42.3025,-83.7082,23.67,NaN,NaN,NaN,10.00,NaN,0.2,200,500,-58,59.1463,377,NaN,NaN,NaN,NaN
351.497,455,2287,1118000,42.3025,-83.7082,23.67,NaN,NaN,NaN,10.00,NaN,0.2,200,500,-58,59.1463,372,NaN,NaN,NaN,NaN
351.497,455,2287,1118100,42.3025,-83.7082,24.59,NaN,NaN,NaN,10.00,NaN,0.2,200,500,-58,59.1463,372,NaN,NaN,NaN,NaN
351.497,455,2287,1118300,42.3025,-83.7082,24.59,NaN,NaN,NaN,10.00,NaN,0.2,200,500,6,59.1463,372,NaN,NaN,NaN,NaN
351.497,455,2287,1118900,42.3025,-83.708,24.59,NaN,NaN,NaN,10.00,NaN,0.2,200,500,6,59.1463,372,NaN,NaN,NaN,NaN
351.497,455,2287,1119200,42.3025,-83.708,25.14,NaN,NaN,NaN,10.00,NaN,0.2,200,500,6,59.1463,372,NaN,NaN,NaN,NaN
351.497,455,2287,1119300,42.3025,-83.708,25.14,NaN,NaN,NaN,10.00,NaN,0.2,200,500,-27,59.1463,372,NaN,NaN,NaN,NaN
351.497,455,2287,1120200,42.3025,-83.708,26.88,NaN,NaN,NaN,10.00,NaN,0.2,200,500,-27,59.1463,372,NaN,NaN,NaN,NaN
351.497,455,2287,1120400,42.3025,-83.708,26.88,NaN,NaN,NaN,10.00,NaN,0.2,200,500,-32,59.1463,372,NaN,NaN,NaN,NaN
351.497,455,2287,1121000,42.3026,-83.7078,26.88,NaN,NaN,NaN,10.00,NaN,0.2,200,500,-32,59.1463,372,NaN,NaN,NaN,NaN
351.497,455,2287,1121200,42.3026,-83.7078,28.69,NaN,NaN,NaN,10.00,NaN,0.2,200,500,-32,59.1463,372,NaN,NaN,NaN,NaN
351.497,455,2287,1121400,42.3026,-83.7078,28.69,NaN,NaN,NaN,10.00,NaN,0.2,200,500,-6.5,59.1463,372,NaN,NaN,NaN,NaN
351.497,455,2287,1122300,42.3026,-83.7078,30.18,NaN,NaN,NaN,10.00,NaN,0.2,200,500,-6.5,59.1463,372,NaN,NaN,NaN,NaN
351.497,455,2287,1122400,42.3026,-83.7078,30.18,NaN,NaN,NaN,10.00,NaN,0.2,200,500,-28.5,59.1463,372,NaN,NaN,NaN,NaN
351.497,455,2287,1123000,42.3026,-83.7078,30.18,NaN,NaN,NaN,10.00,NaN,0.2,200,500,-28.5,59.1463,374.5,NaN,NaN,NaN,NaN
351.497,455,2287,1123300,42.3026,-83.7078,32.03,NaN,NaN,NaN,10.00,NaN,0.2,200,500,-28.5,59.1463,374.5,NaN,NaN,NaN,NaN
351.497,455,2287,1123500,42.3026,-83.7078,32.03,NaN,NaN,NaN,10.00,NaN,0.2,200,500,-30,59.1463,374.5,NaN,NaN,NaN,NaN
351.497,455,2287,1124400,42.3026,-83.7078,34.11,NaN,NaN,NaN,10.00,NaN,0.2,200,500,-30,59.1463,374.5,NaN,NaN,NaN,NaN
351.497,455,2287,1124500,42.3026,-83.7078,34.11,NaN,NaN,NaN,10.00,NaN,0.2,200,500,-37.5,59.1463,374.5,NaN,NaN,NaN,NaN
351.497,455,2287,1125000,42.3026,-83.7074,34.11,NaN,NaN,NaN,10.00,NaN,0.2,200,500,-37.5,59.1463,374.5,NaN,NaN,NaN,NaN
351.497,455,2287,1125400,42.3026,-83.7074,36.14,NaN,NaN,NaN,10.00,NaN,0.2,200,500,-37.5,59.1463,374.5,NaN,NaN,NaN,NaN
351.497,455,2287,1126400,42.3026,-83.7074,35.84,NaN,NaN,NaN,10.00,NaN,0.2,200,500,-37.5,59.1463,374.5,NaN,NaN,NaN,NaN
351.497,455,2287,1126600,42.3026,-83.7074,35.84,NaN,NaN,NaN,10.00,NaN,0.2,200,500,6,59.1463,374.5,NaN,NaN,NaN,NaN
351.497,455,2287,1127500,42.3026,-83.7074,34.68,NaN,NaN,NaN,10.00,NaN,0.2,200,500,6,59.1463,374.5,NaN,NaN,NaN,NaN
351.497,455,2287,1127600,42.3026,-83.7074,34.68,NaN,NaN,NaN,10.00,NaN,0.2,200,500,2,59.1463,374.5,NaN,NaN,NaN,NaN
351.497,455,2287,1127900,42.3026,-83.707,34.68,NaN,NaN,NaN,10.00,NaN,0.2,200,500,2,59.1463,374.5,NaN,NaN,NaN,NaN
351.497,455,2287,1128000,42.3026,-83.707,34.68,NaN,NaN,NaN,10.00,NaN,0.2,200,500,2,59.1463,377,NaN,NaN,NaN,NaN
351.497,455,2287,1128500,42.3026,-83.707,32.68,NaN,NaN,NaN,10.00,NaN,0.2,200,500,2,59.1463,377,NaN,NaN,NaN,NaN
351.497,455,2287,1128700,42.3026,-83.707,32.68,NaN,NaN,NaN,10.00,NaN,0.2,200,500,8.5,59.1463,377,NaN,NaN,NaN,NaN
351.497,455,2287,1129600,42.3026,-83.707,30.54,NaN,NaN,NaN,10.00,NaN,0.2,200,500,8.5,59.1463,377,NaN,NaN,NaN,NaN
351.497,455,2287,1129700,42.3026,-83.707,30.54,NaN,NaN,NaN,10.00,NaN,0.2,200,500,3.5,59.1463,377,NaN,NaN,NaN,NaN
351.497,455,2287,1130600,42.3026,-83.707,27.86,NaN,NaN,NaN,10.00,NaN,0.2,200,500,3.5,59.1463,377,NaN,NaN,NaN,NaN
351.497,455,2287,1130800,42.3026,-83.707,27.86,NaN,NaN,NaN,10.00,NaN,0.2,200,500,13,59.1463,377,NaN,NaN,NaN,NaN
351.497,455,2287,1130900,42.3026,-83.7067,27.86,NaN,NaN,NaN,10.00,NaN,0.2,200,500,13,59.1463,377,NaN,NaN,NaN,NaN
351.497,455,2287,1131600,42.3026,-83.7067,25.42,NaN,NaN,NaN,10.00,NaN,0.2,200,500,13,59.1463,377,NaN,NaN,NaN,NaN
351.497,455,2287,1131800,42.3026,-83.7067,25.42,NaN,NaN,NaN,10.00,NaN,0.2,200,500,11.5,59.1463,377,NaN,NaN,NaN,NaN
351.497,455,2287,1132700,42.3026,-83.7067,23.17,NaN,NaN,NaN,10.00,NaN,0.2,200,500,11.5,59.1463,377,NaN,NaN,NaN,NaN
351.497,455,2287,1132800,42.3026,-83.7067,23.17,NaN,NaN,NaN,10.00,NaN,0.2,200,500,8.5,59.1463,377,NaN,NaN,NaN,NaN
351.497,455,2287,1133000,42.3026,-83.7067,23.17,NaN,NaN,NaN,10.00,NaN,0.2,200,500,8.5,59.1463,378.5,NaN,NaN,NaN,NaN
351.497,455,2287,1133800,42.3026,-83.7067,26.14,NaN,NaN,NaN,10.00,NaN,0.2,200,500,8.5,59.1463,378.5,NaN,NaN,NaN,NaN
351.497,455,2287,1133900,42.3026,-83.7065,26.14,NaN,NaN,NaN,10.00,NaN,0.2,200,500,-33,59.1463,378.5,NaN,NaN,NaN,NaN
351.497,455,2287,1134800,42.3026,-83.7065,26.9,NaN,NaN,NaN,10.00,NaN,0.2,200,500,-33,59.1463,378.5,NaN,NaN,NaN,NaN
351.497,455,2287,1135000,42.3026,-83.7065,26.9,NaN,NaN,NaN,10.00,NaN,0.2,200,500,-4,59.1463,378.5,NaN,NaN,NaN,NaN
351.497,455,2287,1135900,42.3026,-83.7065,27.98,NaN,NaN,NaN,10.00,NaN,0.2,200,500,-4,59.1463,378.5,NaN,NaN,NaN,NaN
351.497,455,2287,1136000,42.3026,-83.7065,27.98,NaN,NaN,NaN,10.00,NaN,0.2,200,500,-26.5,59.1463,378.5,NaN,NaN,NaN,NaN
351.497,455,2287,1136900,42.3026,-83.7062,27.98,NaN,NaN,NaN,10.00,NaN,0.2,200,500,-26.5,59.1463,378.5,NaN,NaN,NaN,NaN
351.497,455,2287,1137000,42.3026,-83.7062,27.07,NaN,NaN,NaN,10.00,NaN,0.2,200,500,-3,59.1463,378.5,NaN,NaN,NaN,NaN
351.497,455,2287,1138000,42.3026,-83.7062,28.25,NaN,NaN,NaN,10.00,NaN,0.2,200,500,-3,59.1463,378.5,NaN,NaN,NaN,NaN
351.497,455,2287,1138100,42.3026,-83.7062,28.25,NaN,NaN,NaN,10.00,NaN,0.2,200,500,-34,59.1463,377,NaN,NaN,NaN,NaN
351.497,455,2287,1139000,42.3026,-83.7062,27.61,NaN,NaN,NaN,10.00,NaN,0.2,200,500,-34,59.1463,377,NaN,NaN,NaN,NaN
351.497,455,2287,1139100,42.3026,-83.7062,27.61,NaN,NaN,NaN,10.00,NaN,0.2,200,500,-3.5,59.1463,377,NaN,NaN,NaN,NaN
351.497,455,2287,1139900,42.3026,-83.7059,27.61,NaN,NaN,NaN,10.00,NaN,0.2,200,500,-3.5,59.1463,377,NaN,NaN,NaN,NaN
351.497,455,2287,1140100,42.3026,-83.7059,29.93,NaN,NaN,NaN,10.00,NaN,0.2,200,500,-3.5,59.1463,377,NaN,NaN,NaN,NaN
351.497,455,2287,1140200,42.3026,-83.7059,29.93,NaN,NaN,NaN,10.00,NaN,0.2,200,500,-39.5,59.1463,377,NaN,NaN,NaN,NaN
351.497,455,2287,1141100,42.3026,-83.7059,33.3,NaN,NaN,NaN,10.00,NaN,0.2,200,500,-39.5,59.1463,377,NaN,NaN,NaN,NaN
351.497,455,2287,1141200,42.3026,-83.7059,33.3,NaN,NaN,NaN,10.00,NaN,0.2,200,500,-50,59.1463,377,NaN,NaN,NaN,NaN
351.497,455,2287,1142200,42.3026,-83.7059,37.28,NaN,NaN,NaN,10.00,NaN,0.2,200,500,-62.5,59.1463,377,NaN,NaN,NaN,NaN
351.497,455,2287,1143000,42.3026,-83.7056,37.28,NaN,NaN,NaN,10.00,NaN,0.2,200,500,-62.5,59.1463,377,NaN,NaN,NaN,NaN
351.497,455,2287,1143100,42.3026,-83.7056,37.28,NaN,NaN,NaN,10.00,NaN,0.2,200,500,-62.5,59.1463,371,NaN,NaN,NaN,NaN
351.497,455,2287,1143200,42.3026,-83.7056,40.92,NaN,NaN,NaN,10.00,NaN,0.2,200,500,-62.5,59.1463,371,NaN,NaN,NaN,NaN
351.497,455,2287,1143300,42.3026,-83.7056,40.92,NaN,NaN,NaN,10.00,NaN,0.2,200,500,-63.5,59.1463,371,NaN,NaN,NaN,NaN
351.497,455,2287,1144200,42.3026,-83.7056,44.15,NaN,NaN,NaN,10.00,NaN,0.2,200,500,-63.5,59.1463,371,NaN,NaN,NaN,NaN
351.497,455,2287,1144300,42.3026,-83.7056,44.15,NaN,NaN,NaN,10.00,NaN,0.2,200,500,-59.5,59.1463,371,NaN,NaN,NaN,NaN
351.497,455,2287,1145300,42.3026,-83.7056,45.76,NaN,NaN,NaN,10.00,NaN,0.2,200,500,-59.5,59.1463,371,NaN,NaN,NaN,NaN
351.497,455,2287,1145400,42.3026,-83.7056,45.76,NaN,NaN,NaN,10.00,NaN,0.2,200,500,-29,59.1463,371,NaN,NaN,NaN,NaN
351.497,455,2287,1146000,42.3026,-83.7051,45.76,NaN,NaN,NaN,10.00,NaN,0.2,200,500,-29,59.1463,371,NaN,NaN,NaN,NaN
351.497,455,2287,1146300,42.3026,-83.7051,47.51,NaN,NaN,NaN,10.00,NaN,0.2,200,500,-29,59.1463,371,NaN,NaN,NaN,NaN
351.497,455,2287,1146400,42.3026,-83.7051,47.51,NaN,NaN,NaN,10.00,NaN,0.2,200,500,-47.5,59.1463,371,NaN,NaN,NaN,NaN
351.497,455,2287,1147400,42.3026,-83.7051,49.5,NaN,NaN,NaN,10.00,NaN,0.2,200,500,-56,59.1463,371,NaN,NaN,NaN,NaN
351.497,455,2287,1148200,42.3026,-83.7051,49.5,NaN,NaN,NaN,10.00,NaN,0.2,200,500,-56,59.1463,372,NaN,NaN,NaN,NaN
351.497,455,2287,1148400,42.3026,-83.7051,52.31,NaN,NaN,NaN,10.00,NaN,0.2,200,500,-56,59.1463,372,NaN,NaN,NaN,NaN
351.497,455,2287,1148500,42.3026,-83.7051,52.31,NaN,NaN,NaN,10.00,NaN,0.2,200,500,-61.5,59.1463,372,NaN,NaN,NaN,NaN
351.497,455,2287,1148900,42.3026,-83.7046,52.31,NaN,NaN,NaN,10.00,NaN,0.2,200,500,-61.5,59.1463,372,NaN,NaN,NaN,NaN
351.497,455,2287,1149400,42.3026,-83.7046,55.22,NaN,NaN,NaN,10.00,NaN,0.2,200,500,-61.5,59.1463,372,NaN,NaN,NaN,NaN
351.497,455,2287,1150500,42.3026,-83.7046,60.11,NaN,NaN,NaN,10.00,NaN,0.2,200,500,-61.5,59.1463,372,NaN,NaN,NaN,NaN
351.497,455,2287,1150600,42.3026,-83.7046,60.11,NaN,NaN,NaN,10.00,NaN,0.2,200,500,-58.5,59.1463,372,NaN,NaN,NaN,NaN
351.497,455,2287,1151500,42.3026,-83.7046,61.67,NaN,NaN,NaN,10.00,NaN,0.2,200,500,-58.5,59.1463,372,NaN,NaN,NaN,NaN
351.497,455,2287,1151600,42.3026,-83.7046,61.67,NaN,NaN,NaN,10.00,NaN,0.2,200,500,-55,59.1463,372,NaN,NaN,NaN,NaN
351.497,455,2287,1151900,42.3026,-83.704,61.67,NaN,NaN,NaN,10.00,NaN,0.2,200,500,-55,59.1463,372,NaN,NaN,NaN,NaN
351.497,455,2287,1152600,42.3026,-83.704,62.89,NaN,NaN,NaN,10.00,NaN,0.2,200,500,-34,59.1463,372,NaN,NaN,NaN,NaN
351.497,455,2287,1153200,42.3026,-83.704,62.89,NaN,NaN,NaN,10.00,NaN,0.2,200,500,-34,59.1463,372.5,NaN,NaN,NaN,NaN
351.497,455,2287,1153600,42.3026,-83.704,64.59,NaN,NaN,NaN,10.00,NaN,0.2,200,500,-34,59.1463,372.5,NaN,NaN,NaN,NaN
351.497,455,2287,1153700,42.3026,-83.704,64.59,NaN,NaN,NaN,10.00,NaN,0.2,200,500,-43,59.1463,372.5,NaN,NaN,NaN,NaN
351.497,455,2287,1154600,42.3026,-83.704,66.11,NaN,NaN,NaN,10.00,NaN,0.2,200,500,-43,59.1463,372.5,NaN,NaN,NaN,NaN
351.497,455,2287,1154700,42.3026,-83.704,66.11,NaN,NaN,NaN,10.00,NaN,0.2,200,500,-53,59.1463,372.5,NaN,NaN,NaN,NaN
351.497,455,2287,1155000,42.3026,-83.7034,66.11,NaN,NaN,NaN,10.00,NaN,0.2,200,500,-53,59.1463,372.5,NaN,NaN,NaN,NaN
351.497,455,2287,1155700,42.3026,-83.7034,66.99,NaN,NaN,NaN,10.00,NaN,0.2,200,500,-53,59.1463,372.5,NaN,NaN,NaN,NaN
351.497,455,2287,1155800,42.3026,-83.7034,66.99,NaN,NaN,NaN,10.00,NaN,0.2,200,500,-38,59.1463,372.5,NaN,NaN,NaN,NaN
351.497,455,2287,1156700,42.3026,-83.7034,68.23,NaN,NaN,NaN,10.00,NaN,0.2,200,500,-38,59.1463,372.5,NaN,NaN,NaN,NaN
351.497,455,2287,1156800,42.3026,-83.7034,68.23,NaN,NaN,NaN,10.00,NaN,0.2,200,500,-41,59.1463,372.5,NaN,NaN,NaN,NaN
351.497,455,2287,1157800,42.3026,-83.7034,68.54,NaN,NaN,NaN,10.00,NaN,0.2,200,500,-24.5,59.1463,372.5,NaN,NaN,NaN,NaN
351.497,455,2287,1158000,42.3026,-83.7027,68.54,NaN,NaN,NaN,10.00,NaN,0.2,200,500,-24.5,59.1463,372.5,NaN,NaN,NaN,NaN
351.497,455,2287,1158200,42.3026,-83.7027,68.54,NaN,NaN,NaN,10.00,NaN,0.2,200,500,-24.5,59.1463,374,NaN,NaN,NaN,NaN
351.497,455,2287,1158800,42.3026,-83.7027,68.8,NaN,NaN,NaN,10.00,NaN,0.2,200,500,-24.5,59.1463,374,NaN,NaN,NaN,NaN
351.497,455,2287,1158900,42.3026,-83.7027,68.8,NaN,NaN,NaN,10.00,NaN,0.2,200,500,-20,59.1463,374,NaN,NaN,NaN,NaN
351.497,455,2287,1159800,42.3026,-83.7027,68.09,NaN,NaN,NaN,10.00,NaN,0.2,200,500,-20,59.1463,374,NaN,NaN,NaN,NaN
351.497,455,2287,1159900,42.3026,-83.7027,68.09,NaN,NaN,NaN,10.00,NaN,0.2,200,500,18.5,59.1463,374,NaN,NaN,NaN,NaN
351.497,455,2287,1160900,42.3027,-83.7021,66.93,NaN,NaN,NaN,10.00,NaN,0.2,200,500,18.5,59.1463,374,NaN,NaN,NaN,NaN
351.497,455,2287,1161000,42.3027,-83.7021,66.93,NaN,NaN,NaN,10.00,NaN,0.2,200,500,21.5,59.1463,374,NaN,NaN,NaN,NaN
351.497,455,2287,1161900,42.3027,-83.7021,65.86,NaN,NaN,NaN,10.00,NaN,0.2,200,500,21.5,59.1463,374,NaN,NaN,NaN,NaN
351.497,455,2287,1162000,42.3027,-83.7021,65.86,NaN,NaN,NaN,10.00,NaN,0.2,200,500,6,59.1463,374,NaN,NaN,NaN,NaN
351.497,455,2287,1163000,42.3027,-83.7021,66.29,NaN,NaN,NaN,10.00,NaN,0.2,200,500,-18.5,59.1463,374,NaN,NaN,NaN,NaN
351.497,455,2287,1163300,42.3027,-83.7021,66.29,NaN,NaN,NaN,10.00,NaN,0.2,200,500,-18.5,59.1463,374.5,NaN,NaN,NaN,NaN
351.497,455,2287,1164000,42.3027,-83.7014,66.64,NaN,NaN,NaN,10.00,NaN,0.2,200,500,-18.5,59.1463,374.5,NaN,NaN,NaN,NaN
351.497,455,2287,1164100,42.3027,-83.7014,66.64,NaN,NaN,NaN,10.00,NaN,0.2,200,500,-20,59.1463,374.5,NaN,NaN,NaN,NaN
351.497,455,2287,1165000,42.3027,-83.7014,66.21,NaN,NaN,NaN,10.00,NaN,0.2,200,500,-20,59.1463,374.5,NaN,NaN,NaN,NaN
351.497,455,2287,1165100,42.3027,-83.7014,66.21,NaN,NaN,NaN,10.00,NaN,0.2,200,500,0,59.1463,374.5,NaN,NaN,NaN,NaN
351.497,455,2287,1166100,42.3027,-83.7014,66.6,NaN,NaN,NaN,10.00,NaN,0.2,200,500,0,59.1463,374.5,NaN,NaN,NaN,NaN
351.497,455,2287,1166200,42.3027,-83.7014,66.6,NaN,NaN,NaN,10.00,NaN,0.2,200,500,-16.5,59.1463,374.5,NaN,NaN,NaN,NaN
351.497,455,2287,1166900,42.3028,-83.7008,66.6,NaN,NaN,NaN,10.00,NaN,0.2,200,500,-16.5,59.1463,374.5,NaN,NaN,NaN,NaN
351.497,455,2287,1167100,42.3028,-83.7008,67.34,NaN,NaN,NaN,10.00,NaN,0.2,200,500,-16.5,59.1463,374.5,NaN,NaN,NaN,NaN
351.497,455,2287,1167200,42.3028,-83.7008,67.34,NaN,NaN,NaN,10.00,NaN,0.2,200,500,-23.5,59.1463,374.5,NaN,NaN,NaN,NaN
351.497,455,2287,1168200,42.3028,-83.7008,67.47,NaN,NaN,NaN,10.00,NaN,0.2,200,500,-23.5,59.1463,374.5,NaN,NaN,NaN,NaN
351.497,455,2287,1168300,42.3028,-83.7008,67.47,NaN,NaN,NaN,10.00,NaN,0.2,200,500,-33.5,59.1463,373,NaN,NaN,NaN,NaN
351.497,455,2287,1169300,42.3028,-83.7008,68.06,NaN,NaN,NaN,10.00,NaN,0.2,200,500,-33.5,59.1463,373,NaN,NaN,NaN,NaN
351.497,455,2287,1169400,42.3028,-83.7008,68.06,NaN,NaN,NaN,10.00,NaN,0.2,200,500,-42.5,59.1463,373,NaN,NaN,NaN,NaN
351.497,455,2287,1170000,42.303,-83.7002,68.06,NaN,NaN,NaN,10.00,NaN,0.2,200,500,-42.5,59.1463,373,NaN,NaN,NaN,NaN
351.497,455,2287,1170400,42.303,-83.7002,68.94,NaN,NaN,NaN,10.00,NaN,0.2,200,500,-42.5,59.1463,373,NaN,NaN,NaN,NaN
351.497,455,2287,1170500,42.303,-83.7002,68.94,NaN,NaN,NaN,10.00,NaN,0.2,200,500,-52,59.1463,373,NaN,NaN,NaN,NaN
351.497,455,2287,1171400,42.303,-83.7002,69.4,NaN,NaN,NaN,10.00,NaN,0.2,200,500,-52,59.1463,373,NaN,NaN,NaN,NaN
351.497,455,2287,1171600,42.303,-83.7002,69.4,NaN,NaN,NaN,10.00,NaN,0.2,200,500,-41,59.1463,373,NaN,NaN,NaN,NaN
351.497,455,2287,1172400,42.303,-83.7002,69.35,NaN,NaN,NaN,10.00,NaN,0.2,200,500,-41,59.1463,373,NaN,NaN,NaN,NaN
351.497,455,2287,1172600,42.303,-83.7002,69.35,NaN,NaN,NaN,10.00,NaN,0.2,200,500,-30.5,59.1463,373,NaN,NaN,NaN,NaN
351.497,455,2287,1172900,42.303,-83.7002,69.35,NaN,NaN,NaN,10.00,NaN,0.2,200,500,-30.5,58.1707,373,NaN,NaN,NaN,NaN
351.497,455,2287,1173000,42.3031,-83.6996,69.35,NaN,NaN,NaN,10.00,NaN,0.2,200,500,-30.5,58.1707,373,NaN,NaN,NaN,NaN
351.497,455,2287,1173300,42.3031,-83.6996,69.35,NaN,NaN,NaN,10.00,NaN,0.2,200,500,-30.5,58.1707,372,NaN,NaN,NaN,NaN
351.497,455,2287,1173500,42.3031,-83.6996,68.53,NaN,NaN,NaN,10.00,NaN,0.2,200,500,-30.5,58.1707,372,NaN,NaN,NaN,NaN
351.497,455,2287,1173600,42.3031,-83.6996,68.53,NaN,NaN,NaN,10.00,NaN,0.2,200,500,-42,58.1707,372,NaN,NaN,NaN,NaN
351.497,455,2287,1174500,42.3031,-83.6996,67.95,NaN,NaN,NaN,10.00,NaN,0.2,200,500,-42,58.1707,372,NaN,NaN,NaN,NaN
351.497,455,2287,1174700,42.3031,-83.6996,67.95,NaN,NaN,NaN,10.00,NaN,0.2,200,500,-34,58.1707,372,NaN,NaN,NaN,NaN
351.497,455,2287,1175600,42.3031,-83.6996,67.26,NaN,NaN,NaN,10.00,NaN,0.2,200,500,-34,58.1707,372,NaN,NaN,NaN,NaN
351.497,455,2287,1175700,42.3031,-83.6996,67.26,NaN,NaN,NaN,10.00,NaN,0.2,200,500,-27,58.1707,372,NaN,NaN,NaN,NaN
351.497,455,2287,1175900,42.3032,-83.6989,67.26,NaN,NaN,NaN,10.00,NaN,0.2,200,500,-27,58.1707,372,NaN,NaN,NaN,NaN
351.497,455,2287,1176600,42.3032,-83.6989,66.85,NaN,NaN,NaN,10.00,NaN,0.2,200,500,-27,58.1707,372,NaN,NaN,NaN,NaN
351.497,455,2287,1176800,42.3032,-83.6989,66.85,NaN,NaN,NaN,10.00,NaN,0.2,200,500,-31.5,58.1707,372,NaN,NaN,NaN,NaN
351.497,455,2287,1177600,42.3032,-83.6989,66.17,NaN,NaN,NaN,10.00,NaN,0.2,200,500,-31.5,58.1707,372,NaN,NaN,NaN,NaN
351.497,455,2287,1177800,42.3032,-83.6989,66.17,NaN,NaN,NaN,10.00,NaN,0.2,200,500,-19,58.1707,372,NaN,NaN,NaN,NaN
351.497,455,2287,1178400,42.3032,-83.6989,66.17,NaN,NaN,NaN,10.00,NaN,0.2,200,500,-19,58.1707,374,NaN,NaN,NaN,NaN
351.497,455,2287,1178700,42.3032,-83.6989,65.23,NaN,NaN,NaN,10.00,NaN,0.2,200,500,-19,58.1707,374,NaN,NaN,NaN,NaN
351.497,455,2287,1178800,42.3032,-83.6989,65.23,NaN,NaN,NaN,10.00,NaN,0.2,200,500,-20,58.1707,374,NaN,NaN,NaN,NaN
351.497,455,2287,1179700,42.3032,-83.6989,64.44,NaN,NaN,NaN,10.00,NaN,0.2,200,500,-20,58.1707,374,NaN,NaN,NaN,NaN
351.497,455,2287,1179900,42.3035,-83.6981,64.44,NaN,NaN,NaN,10.00,NaN,0.2,200,500,-16,58.1707,374,NaN,NaN,NaN,NaN
351.497,455,2287,1180800,42.3035,-83.6981,64.33,NaN,NaN,NaN,10.00,NaN,0.2,200,500,-16,58.1707,374,NaN,NaN,NaN,NaN
351.497,455,2287,1180900,42.3035,-83.6981,64.33,NaN,NaN,NaN,10.00,NaN,0.2,200,500,-27.5,58.1707,374,NaN,NaN,NaN,NaN
351.497,455,2287,1181800,42.3035,-83.6981,64.69,NaN,NaN,NaN,10.00,NaN,0.2,200,500,-27.5,58.1707,374,NaN,NaN,NaN,NaN
351.497,455,2287,1182000,42.3035,-83.6981,64.69,NaN,NaN,NaN,10.00,NaN,0.2,200,500,-35,58.1707,374,NaN,NaN,NaN,NaN
351.497,455,2287,1182800,42.3035,-83.6981,65.13,NaN,NaN,NaN,10.00,NaN,0.2,200,500,-35,58.1707,374,NaN,NaN,NaN,NaN
351.497,455,2287,1182900,42.3036,-83.6975,65.13,NaN,NaN,NaN,10.00,NaN,0.2,200,500,-35,58.1707,374,NaN,NaN,NaN,NaN
351.497,455,2287,1183000,42.3036,-83.6975,65.13,NaN,NaN,NaN,10.00,NaN,0.2,200,500,-36.5,58.1707,374,NaN,NaN,NaN,NaN
351.497,455,2287,1183400,42.3036,-83.6975,65.13,NaN,NaN,NaN,10.00,NaN,0.2,200,500,-36.5,58.1707,373,NaN,NaN,NaN,NaN
351.497,455,2287,1183900,42.3036,-83.6975,65.65,NaN,NaN,NaN,10.00,NaN,0.2,200,500,-36.5,58.1707,373,NaN,NaN,NaN,NaN
351.497,455,2287,1184000,42.3036,-83.6975,65.65,NaN,NaN,NaN,10.00,NaN,0.2,200,500,-35,58.1707,373,NaN,NaN,NaN,NaN
351.497,455,2287,1184900,42.3036,-83.6975,66.59,NaN,NaN,NaN,10.00,NaN,0.2,200,500,-35,58.1707,373,NaN,NaN,NaN,NaN
351.497,455,2287,1185100,42.3036,-83.6975,66.59,NaN,NaN,NaN,10.00,NaN,0.2,200,500,-34,58.1707,373,NaN,NaN,NaN,NaN
351.497,455,2287,1186000,42.3038,-83.6969,66.77,NaN,NaN,NaN,10.00,NaN,0.2,200,500,-34,58.1707,373,NaN,NaN,NaN,NaN
351.497,455,2287,1186100,42.3038,-83.6969,66.77,NaN,NaN,NaN,10.00,NaN,0.2,200,500,-15,58.1707,373,NaN,NaN,NaN,NaN
351.497,455,2287,1187000,42.3038,-83.6969,65.7,NaN,NaN,NaN,10.00,NaN,0.2,200,500,-15,58.1707,373,NaN,NaN,NaN,NaN
351.497,455,2287,1187200,42.3038,-83.6969,65.7,NaN,NaN,NaN,10.00,NaN,0.2,200,500,32,58.1707,373,NaN,NaN,NaN,NaN
351.497,455,2287,1188000,42.3038,-83.6969,66.05,NaN,NaN,NaN,10.00,NaN,0.2,200,500,32,58.1707,373,NaN,NaN,NaN,NaN
351.497,455,2287,1188200,42.3038,-83.6969,66.05,NaN,NaN,NaN,10.00,NaN,0.2,200,500,-20,58.1707,373,NaN,NaN,NaN,NaN
351.497,455,2287,1188400,42.3038,-83.6969,66.05,NaN,NaN,NaN,10.00,NaN,0.2,200,500,-20,58.1707,374,NaN,NaN,NaN,NaN
351.497,455,2287,1189000,42.304,-83.6963,66.05,NaN,NaN,NaN,10.00,NaN,0.2,200,500,-20,58.1707,374,NaN,NaN,NaN,NaN
351.497,455,2287,1189100,42.304,-83.6963,66.27,NaN,NaN,NaN,10.00,NaN,0.2,200,500,-20,58.1707,374,NaN,NaN,NaN,NaN
351.497,455,2287,1189200,42.304,-83.6963,66.27,NaN,NaN,NaN,10.00,NaN,0.2,200,500,-3,58.1707,374,NaN,NaN,NaN,NaN
351.497,455,2287,1190100,42.304,-83.6963,66.18,NaN,NaN,NaN,10.00,NaN,0.2,200,500,-3,58.1707,374,NaN,NaN,NaN,NaN
351.497,455,2287,1190300,42.304,-83.6963,66.18,NaN,NaN,NaN,10.00,NaN,0.2,200,500,12.5,58.1707,374,NaN,NaN,NaN,NaN
351.497,455,2287,1191200,42.304,-83.6963,64.76,NaN,NaN,NaN,10.00,NaN,0.2,200,500,12.5,58.1707,374,NaN,NaN,NaN,NaN
351.497,455,2287,1191300,42.304,-83.6963,64.76,NaN,NaN,NaN,10.00,NaN,0.2,200,500,15,58.1707,374,NaN,NaN,NaN,NaN
351.497,455,2287,1192000,42.3042,-83.6957,64.76,NaN,NaN,NaN,10.00,NaN,0.2,200,500,15,58.1707,374,NaN,NaN,NaN,NaN
351.497,455,2287,1192200,42.3042,-83.6957,63.67,NaN,NaN,NaN,10.00,NaN,0.2,200,500,15,58.1707,374,NaN,NaN,NaN,NaN
351.497,455,2287,1192400,42.3042,-83.6957,63.67,NaN,NaN,NaN,10.00,NaN,0.2,200,500,9.5,58.1707,374,NaN,NaN,NaN,NaN
351.497,455,2287,1193200,42.3042,-83.6957,63.24,NaN,NaN,NaN,10.00,NaN,0.2,200,500,9.5,58.1707,374,NaN,NaN,NaN,NaN
351.497,455,2287,1193400,42.3042,-83.6957,63.24,NaN,NaN,NaN,10.00,NaN,0.2,200,500,2.5,58.1707,374,NaN,NaN,NaN,NaN
351.497,455,2287,1193500,42.3042,-83.6957,63.24,NaN,NaN,NaN,10.00,NaN,0.2,200,500,2.5,58.1707,377,NaN,NaN,NaN,NaN
351.497,455,2287,1194300,42.3042,-83.6957,61.8,NaN,NaN,NaN,10.00,NaN,0.2,200,500,2.5,58.1707,377,NaN,NaN,NaN,NaN
351.497,455,2287,1194400,42.3042,-83.6957,61.8,NaN,NaN,NaN,10.00,NaN,0.2,200,500,30,58.1707,377,NaN,NaN,NaN,NaN
351.497,455,2287,1195000,42.3043,-83.6951,61.8,NaN,NaN,NaN,10.00,NaN,0.2,200,500,30,58.1707,377,NaN,NaN,NaN,NaN
351.497,455,2287,1195300,42.3043,-83.6951,61,NaN,NaN,NaN,10.00,NaN,0.2,200,500,30,58.1707,377,NaN,NaN,NaN,NaN
351.497,455,2287,1195500,42.3043,-83.6951,61,NaN,NaN,NaN,10.00,NaN,0.2,200,500,-18.5,58.1707,377,NaN,NaN,NaN,NaN
351.497,455,2287,1196400,42.3043,-83.6951,61.4,NaN,NaN,NaN,10.00,NaN,0.2,200,500,-18.5,58.1707,377,NaN,NaN,NaN,NaN
351.497,455,2287,1196500,42.3043,-83.6951,61.4,NaN,NaN,NaN,10.00,NaN,0.2,200,500,-11,58.1707,377,NaN,NaN,NaN,NaN
351.497,455,2287,1197400,42.3043,-83.6951,61.91,NaN,NaN,NaN,10.00,NaN,0.2,200,500,-11,58.1707,377,NaN,NaN,NaN,NaN
351.497,455,2287,1197600,42.3043,-83.6951,61.91,NaN,NaN,NaN,10.00,NaN,0.2,200,500,-23,58.1707,377,NaN,NaN,NaN,NaN
351.497,455,2287,1197900,42.3045,-83.6946,61.91,NaN,NaN,NaN,10.00,NaN,0.2,200,500,-23,58.1707,377,NaN,NaN,NaN,NaN
351.497,455,2287,1198400,42.3045,-83.6946,62.7,NaN,NaN,NaN,10.00,NaN,0.2,200,500,-23,58.1707,377,NaN,NaN,NaN,NaN
351.497,455,2287,1198500,42.3045,-83.6946,62.7,NaN,NaN,NaN,10.00,NaN,0.2,200,500,-23,58.1707,374.5,NaN,NaN,NaN,NaN
351.497,455,2287,1198600,42.3045,-83.6946,62.7,NaN,NaN,NaN,10.00,NaN,0.2,200,500,-26,58.1707,374.5,NaN,NaN,NaN,NaN
351.497,455,2287,1199500,42.3045,-83.6946,61.22,NaN,NaN,NaN,10.00,NaN,0.2,200,500,-26,58.1707,374.5,NaN,NaN,NaN,NaN
351.497,455,2287,1199600,42.3045,-83.6946,61.22,NaN,NaN,NaN,10.00,NaN,0.2,200,500,24.5,58.1707,374.5,NaN,NaN,NaN,NaN
351.497,455,2287,1200500,42.3045,-83.6946,59.02,NaN,NaN,NaN,10.00,NaN,0.2,200,500,24.5,58.1707,374.5,NaN,NaN,NaN,NaN
351.497,455,2287,1200700,42.3045,-83.6946,59.02,NaN,NaN,NaN,10.00,NaN,0.2,200,500,-3,58.1707,374.5,NaN,NaN,NaN,NaN
351.497,455,2287,1200900,42.3047,-83.694,59.02,NaN,NaN,NaN,10.00,NaN,0.2,200,500,-3,58.1707,374.5,NaN,NaN,NaN,NaN
351.497,455,2287,1201600,42.3047,-83.694,56.62,NaN,NaN,NaN,10.00,NaN,0.2,200,500,-3,58.1707,374.5,NaN,NaN,NaN,NaN
351.497,455,2287,1201700,42.3047,-83.694,56.62,NaN,NaN,NaN,10.00,NaN,0.2,200,500,6.5,58.1707,374.5,NaN,NaN,NaN,NaN
351.497,455,2287,1202600,42.3047,-83.694,54,NaN,NaN,NaN,10.00,NaN,0.2,200,500,6.5,58.1707,374.5,NaN,NaN,NaN,NaN
351.497,455,2287,1202800,42.3047,-83.694,54,NaN,NaN,NaN,10.00,NaN,0.2,200,500,26.5,58.1707,374.5,NaN,NaN,NaN,NaN
351.497,455,2287,1203200,42.3047,-83.694,54,NaN,NaN,NaN,10.00,NaN,0.2,200,500,26.5,58.1707,374.5,NaN,NaN,NaN,NaN
351.497,455,2287,1203600,42.3047,-83.694,54,NaN,NaN,NaN,10.00,NaN,0.2,200,500,26.5,58.1707,377.5,NaN,NaN,NaN,NaN
351.497,455,2287,1203700,42.3047,-83.694,53.96,NaN,NaN,NaN,10.00,NaN,0.2,200,500,26.5,58.1707,377.5,NaN,NaN,NaN,NaN
351.497,455,2287,1203800,42.3047,-83.694,53.96,NaN,NaN,NaN,10.00,NaN,0.2,200,500,-32,58.1707,377.5,NaN,NaN,NaN,NaN
351.497,455,2287,1204000,42.3048,-83.6935,53.96,NaN,NaN,NaN,10.00,NaN,0.2,200,500,-32,58.1707,377.5,NaN,NaN,NaN,NaN
351.497,455,2287,1204800,42.3048,-83.6935,54.22,NaN,NaN,NaN,10.00,NaN,0.2,200,500,-32,58.1707,377.5,NaN,NaN,NaN,NaN
351.497,455,2287,1204900,42.3048,-83.6935,54.22,NaN,NaN,NaN,10.00,NaN,0.2,200,500,-31,58.1707,377.5,NaN,NaN,NaN,NaN
351.497,455,2287,1205900,42.3048,-83.6935,54.84,NaN,NaN,NaN,10.00,NaN,0.2,200,500,-31,58.1707,377.5,NaN,NaN,NaN,NaN
351.497,455,2287,1206000,42.3048,-83.6935,54.84,NaN,NaN,NaN,10.00,NaN,0.2,200,500,-44,58.1707,377.5,NaN,NaN,NaN,NaN
351.497,455,2287,1207000,42.305,-83.693,55.78,NaN,NaN,NaN,10.00,NaN,0.2,200,500,-44,58.1707,377.5,NaN,NaN,NaN,NaN
351.497,455,2287,1207100,42.305,-83.693,55.78,NaN,NaN,NaN,10.00,NaN,0.2,200,500,-47,58.1707,377.5,NaN,NaN,NaN,NaN
351.497,455,2287,1208000,42.305,-83.693,56.96,NaN,NaN,NaN,10.00,NaN,0.2,200,500,-47,58.1707,377.5,NaN,NaN,NaN,NaN
351.497,455,2287,1208100,42.305,-83.693,56.96,NaN,NaN,NaN,10.00,NaN,0.2,200,500,-49.5,58.1707,377.5,NaN,NaN,NaN,NaN
351.497,455,2287,1208600,42.305,-83.693,56.96,NaN,NaN,NaN,10.00,NaN,0.2,200,500,-49.5,58.1707,371.5,NaN,NaN,NaN,NaN
351.497,455,2287,1209000,42.305,-83.693,58.81,NaN,NaN,NaN,10.00,NaN,0.2,200,500,-49.5,58.1707,371.5,NaN,NaN,NaN,NaN
351.497,455,2287,1209100,42.305,-83.693,58.81,NaN,NaN,NaN,10.00,NaN,0.2,200,500,-55,58.1707,371.5,NaN,NaN,NaN,NaN
351.497,455,2287,1209900,42.3051,-83.6924,58.81,NaN,NaN,NaN,10.00,NaN,0.2,200,500,-55,58.1707,371.5,NaN,NaN,NaN,NaN
351.497,455,2287,1210100,42.3051,-83.6924,60.38,NaN,NaN,NaN,10.00,NaN,0.2,200,500,-55,58.1707,371.5,NaN,NaN,NaN,NaN
351.497,455,2287,1210200,42.3051,-83.6924,60.38,NaN,NaN,NaN,10.00,NaN,0.2,200,500,-47,58.1707,371.5,NaN,NaN,NaN,NaN
351.497,455,2287,1211100,42.3051,-83.6924,61.68,NaN,NaN,NaN,10.00,NaN,0.2,200,500,-47,58.1707,371.5,NaN,NaN,NaN,NaN
351.497,455,2287,1211200,42.3051,-83.6924,61.68,NaN,NaN,NaN,10.00,NaN,0.2,200,500,-45,58.1707,371.5,NaN,NaN,NaN,NaN
351.497,455,2287,1212200,42.3051,-83.6924,62.17,NaN,NaN,NaN,10.00,NaN,0.2,200,500,-33,58.1707,371.5,NaN,NaN,NaN,NaN
351.497,455,2287,1213000,42.3053,-83.6919,62.17,NaN,NaN,NaN,10.00,NaN,0.2,200,500,-33,58.1707,371.5,NaN,NaN,NaN,NaN
351.497,455,2287,1213200,42.3053,-83.6919,61.87,NaN,NaN,NaN,10.00,NaN,0.2,200,500,-33,58.1707,371.5,NaN,NaN,NaN,NaN
351.497,455,2287,1213300,42.3053,-83.6919,61.87,NaN,NaN,NaN,10.00,NaN,0.2,200,500,-3.5,58.1707,371.5,NaN,NaN,NaN,NaN
351.497,455,2287,1213700,42.3053,-83.6919,61.87,NaN,NaN,NaN,10.00,NaN,0.2,200,500,-3.5,58.1707,374.5,NaN,NaN,NaN,NaN
351.497,455,2287,1214200,42.3053,-83.6919,62.24,NaN,NaN,NaN,10.00,NaN,0.2,200,500,-3.5,58.1707,374.5,NaN,NaN,NaN,NaN
351.497,455,2287,1214300,42.3053,-83.6919,62.24,NaN,NaN,NaN,10.00,NaN,0.2,200,500,-16,58.1707,374.5,NaN,NaN,NaN,NaN
351.497,455,2287,1215300,42.3053,-83.6919,61.32,NaN,NaN,NaN,10.00,NaN,0.2,200,500,-16,58.1707,374.5,NaN,NaN,NaN,NaN
351.497,455,2287,1215400,42.3053,-83.6919,61.32,NaN,NaN,NaN,10.00,NaN,0.2,200,500,-17,58.1707,374.5,NaN,NaN,NaN,NaN
351.497,455,2287,1216000,42.3055,-83.6913,61.32,NaN,NaN,NaN,10.00,NaN,0.2,200,500,-17,58.1707,374.5,NaN,NaN,NaN,NaN
351.497,455,2287,1216300,42.3055,-83.6913,61.57,NaN,NaN,NaN,10.00,NaN,0.2,200,500,-17,58.1707,374.5,NaN,NaN,NaN,NaN
351.497,455,2287,1216400,42.3055,-83.6913,61.57,NaN,NaN,NaN,10.00,NaN,0.2,200,500,-24,58.1707,374.5,NaN,NaN,NaN,NaN
351.497,455,2287,1217400,42.3055,-83.6913,61.87,NaN,NaN,NaN,10.00,NaN,0.2,200,500,-27.5,58.1707,374.5,NaN,NaN,NaN,NaN
351.497,455,2287,1218400,42.3055,-83.6913,62.52,NaN,NaN,NaN,10.00,NaN,0.2,200,500,-27.5,58.1707,374.5,NaN,NaN,NaN,NaN
351.497,455,2287,1218700,42.3055,-83.6913,62.52,NaN,NaN,NaN,10.00,NaN,0.2,200,500,-27.5,58.1707,373.5,NaN,NaN,NaN,NaN
351.497,455,2287,1219000,42.3056,-83.6907,62.52,NaN,NaN,NaN,10.00,NaN,0.2,200,500,-27.5,58.1707,373.5,NaN,NaN,NaN,NaN
351.497,455,2287,1219400,42.3056,-83.6907,62.97,NaN,NaN,NaN,10.00,NaN,0.2,200,500,-27.5,58.1707,373.5,NaN,NaN,NaN,NaN
351.497,455,2287,1219500,42.3056,-83.6907,62.97,NaN,NaN,NaN,10.00,NaN,0.2,200,500,-25,58.1707,373.5,NaN,NaN,NaN,NaN
351.497,455,2287,1220500,42.3056,-83.6907,62.58,NaN,NaN,NaN,10.00,NaN,0.2,200,500,-25,58.1707,373.5,NaN,NaN,NaN,NaN
351.497,455,2287,1220600,42.3056,-83.6907,62.58,NaN,NaN,NaN,10.00,NaN,0.2,200,500,-8,58.1707,373.5,NaN,NaN,NaN,NaN
351.497,455,2287,1221500,42.3056,-83.6907,62.39,NaN,NaN,NaN,10.00,NaN,0.2,200,500,-8,58.1707,373.5,NaN,NaN,NaN,NaN
351.497,455,2287,1221600,42.3056,-83.6907,62.39,NaN,NaN,NaN,10.00,NaN,0.2,200,500,-2.5,58.1707,373.5,NaN,NaN,NaN,NaN
351.497,455,2287,1222000,42.3058,-83.6901,62.39,NaN,NaN,NaN,10.00,NaN,0.2,200,500,-2.5,58.1707,373.5,NaN,NaN,NaN,NaN
351.497,455,2287,1222600,42.3058,-83.6901,63.05,NaN,NaN,NaN,10.00,NaN,0.2,200,500,-27,58.1707,373.5,NaN,NaN,NaN,NaN
351.497,455,2287,1223600,42.3058,-83.6901,63.65,NaN,NaN,NaN,10.00,NaN,0.2,200,500,-27,58.1707,373.5,NaN,NaN,NaN,NaN
351.497,455,2287,1223700,42.3058,-83.6901,63.65,NaN,NaN,NaN,10.00,NaN,0.2,200,500,-34.5,58.1707,373.5,NaN,NaN,NaN,NaN
351.497,455,2287,1223800,42.3058,-83.6901,63.65,NaN,NaN,NaN,10.00,NaN,0.2,200,500,-34.5,58.1707,374,NaN,NaN,NaN,NaN
351.497,455,2287,1224600,42.3058,-83.6901,64.71,NaN,NaN,NaN,10.00,NaN,0.2,200,500,-34.5,58.1707,374,NaN,NaN,NaN,NaN
351.497,455,2287,1224700,42.3058,-83.6901,64.71,NaN,NaN,NaN,10.00,NaN,0.2,200,500,-39.5,58.1707,374,NaN,NaN,NaN,NaN
351.497,455,2287,1224900,42.3059,-83.6896,64.71,NaN,NaN,NaN,10.00,NaN,0.2,200,500,-39.5,58.1707,374,NaN,NaN,NaN,NaN
351.497,455,2287,1225700,42.3059,-83.6896,65.91,NaN,NaN,NaN,10.00,NaN,0.2,200,500,-39.5,58.1707,374,NaN,NaN,NaN,NaN
351.497,455,2287,1225800,42.3059,-83.6896,65.91,NaN,NaN,NaN,10.00,NaN,0.2,200,500,-47,58.1707,374,NaN,NaN,NaN,NaN
351.497,455,2287,1226700,42.3059,-83.6896,66.66,NaN,NaN,NaN,10.00,NaN,0.2,200,500,-47,58.1707,374,NaN,NaN,NaN,NaN
351.497,455,2287,1226800,42.3059,-83.6896,66.66,NaN,NaN,NaN,10.00,NaN,0.2,200,500,-46,58.1707,374,NaN,NaN,NaN,NaN
351.497,455,2287,1227800,42.3059,-83.6896,67.05,NaN,NaN,NaN,10.00,NaN,0.2,200,500,-30,58.1707,374,NaN,NaN,NaN,NaN
351.497,455,2287,1227900,42.3061,-83.6889,67.05,NaN,NaN,NaN,10.00,NaN,0.2,200,500,-30,58.1707,374,NaN,NaN,NaN,NaN
351.497,455,2287,1228800,42.3061,-83.6889,67.54,NaN,NaN,NaN,10.00,NaN,0.2,200,500,-30,58.1707,372.5,NaN,NaN,NaN,NaN
351.497,455,2287,1228900,42.3061,-83.6889,67.54,NaN,NaN,NaN,10.00,NaN,0.2,200,500,-32.5,58.1707,372.5,NaN,NaN,NaN,NaN
351.497,455,2287,1229800,42.3061,-83.6889,67.65,NaN,NaN,NaN,10.00,NaN,0.2,200,500,-32.5,58.1707,372.5,NaN,NaN,NaN,NaN
351.497,455,2287,1229900,42.3061,-83.6889,67.65,NaN,NaN,NaN,10.00,NaN,0.2,200,500,-33,58.1707,372.5,NaN,NaN,NaN,NaN
351.497,455,2287,1230900,42.3061,-83.6889,68,NaN,NaN,NaN,10.00,NaN,0.2,200,500,-33,58.1707,372.5,NaN,NaN,NaN,NaN
351.497,455,2287,1231000,42.3062,-83.6883,68,NaN,NaN,NaN,10.00,NaN,0.2,200,500,-36.5,58.1707,372.5,NaN,NaN,NaN,NaN
351.497,455,2287,1231900,42.3062,-83.6883,68.2,NaN,NaN,NaN,10.00,NaN,0.2,200,500,-36.5,58.1707,372.5,NaN,NaN,NaN,NaN
351.497,455,2287,1232000,42.3062,-83.6883,68.2,NaN,NaN,NaN,10.00,NaN,0.2,200,500,-32,58.1707,372.5,NaN,NaN,NaN,NaN
351.497,455,2287,1233000,42.3062,-83.6883,68.78,NaN,NaN,NaN,10.00,NaN,0.2,200,500,-32.5,57.3171,372.5,NaN,NaN,NaN,NaN
351.497,455,2287,1233400,42.3062,-83.6883,68.78,NaN,NaN,NaN,10.50,NaN,0.2,200,500,-32.5,57.3171,372.5,NaN,NaN,NaN,NaN
351.497,455,2287,1233900,42.3064,-83.6877,68.78,NaN,NaN,NaN,10.50,NaN,0.2,200,500,-32.5,57.3171,372.5,NaN,NaN,NaN,NaN
351.497,455,2287,1234000,42.3064,-83.6877,68.32,NaN,NaN,NaN,10.50,NaN,0.2,200,500,-32.5,57.3171,372.5,NaN,NaN,NaN,NaN
351.497,455,2287,1234100,42.3064,-83.6877,68.32,NaN,NaN,NaN,10.50,NaN,0.2,200,500,-11.5,57.3171,372.5,NaN,NaN,NaN,NaN
351.497,455,2287,1235000,42.3064,-83.6877,65.74,NaN,NaN,NaN,10.50,NaN,0.2,200,500,-11.5,57.3171,372.5,NaN,NaN,NaN,NaN
351.497,455,2287,1235100,42.3064,-83.6877,65.74,NaN,NaN,NaN,10.50,NaN,0.2,200,500,35,57.3171,372.5,NaN,NaN,NaN,NaN
351.497,455,2287,1236100,42.3064,-83.6877,63.06,NaN,NaN,NaN,10.50,NaN,0.2,200,500,35,57.3171,372.5,NaN,NaN,NaN,NaN
351.497,455,2287,1236200,42.3064,-83.6877,63.06,NaN,NaN,NaN,10.50,NaN,0.2,200,500,34,57.3171,372.5,NaN,NaN,NaN,NaN
351.497,455,2287,1237000,42.3066,-83.6871,63.06,NaN,NaN,NaN,10.50,NaN,0.2,200,500,34,57.3171,372.5,NaN,NaN,NaN,NaN
351.497,455,2287,1237100,42.3066,-83.6871,60.6,NaN,NaN,NaN,10.50,NaN,0.2,200,500,34,57.3171,372.5,NaN,NaN,NaN,NaN
351.497,455,2287,1237200,42.3066,-83.6871,60.6,NaN,NaN,NaN,10.50,NaN,0.2,200,500,32.5,57.3171,372.5,NaN,NaN,NaN,NaN
351.497,455,2287,1238200,42.3066,-83.6871,58.17,NaN,NaN,NaN,10.50,NaN,0.2,200,500,32.5,57.3171,372.5,NaN,NaN,NaN,NaN
351.497,455,2287,1238300,42.3066,-83.6871,58.17,NaN,NaN,NaN,10.50,NaN,0.2,200,500,30,57.3171,372.5,NaN,NaN,NaN,NaN
351.497,455,2287,1238900,42.3066,-83.6871,58.17,NaN,NaN,NaN,10.50,NaN,0.2,200,500,30,57.3171,379,NaN,NaN,NaN,NaN
351.497,455,2287,1239200,42.3066,-83.6871,55.7,NaN,NaN,NaN,10.50,NaN,0.2,200,500,30,57.3171,379,NaN,NaN,NaN,NaN
351.497,455,2287,1239400,42.3066,-83.6871,55.7,NaN,NaN,NaN,10.50,NaN,0.2,200,500,28.5,57.3171,379,NaN,NaN,NaN,NaN
351.497,455,2287,1240000,42.3067,-83.6866,55.7,NaN,NaN,NaN,10.50,NaN,0.2,200,500,28.5,57.3171,379,NaN,NaN,NaN,NaN
351.497,455,2287,1240300,42.3067,-83.6866,53.7,NaN,NaN,NaN,10.50,NaN,0.2,200,500,28.5,57.3171,379,NaN,NaN,NaN,NaN
351.497,455,2287,1240400,42.3067,-83.6866,53.7,NaN,NaN,NaN,10.50,NaN,0.2,200,500,27,57.3171,379,NaN,NaN,NaN,NaN
351.497,455,2287,1241400,42.3067,-83.6866,51.35,NaN,NaN,NaN,10.50,NaN,0.2,200,500,27,57.3171,379,NaN,NaN,NaN,NaN
351.497,455,2287,1241500,42.3067,-83.6866,51.35,NaN,NaN,NaN,10.50,NaN,0.2,200,500,24.5,57.3171,379,NaN,NaN,NaN,NaN
351.497,455,2287,1242400,42.3067,-83.6866,46.57,NaN,NaN,NaN,10.50,NaN,0.2,200,500,24.5,57.3171,379,NaN,NaN,NaN,NaN
351.497,455,2287,1242500,42.3067,-83.6866,46.57,NaN,NaN,NaN,10.50,NaN,0.2,200,500,23,57.3171,379,NaN,NaN,NaN,NaN
351.497,455,2287,1243500,42.3067,-83.6866,35.08,NaN,NaN,NaN,10.50,NaN,0.2,200,500,23,57.3171,379,NaN,NaN,NaN,NaN
351.497,455,2287,1243600,42.3067,-83.6866,35.08,NaN,NaN,NaN,10.50,NaN,0.2,200,500,22.5,57.3171,379,NaN,NaN,NaN,NaN
351.497,455,2287,1243900,42.3069,-83.686,35.08,NaN,NaN,NaN,10.50,NaN,0.2,200,500,22.5,57.3171,380,NaN,NaN,NaN,NaN
351.497,455,2287,1244500,42.3069,-83.686,26.72,NaN,NaN,NaN,10.50,NaN,0.2,200,500,22.5,57.3171,380,NaN,NaN,NaN,NaN
351.497,455,2287,1244600,42.3069,-83.686,26.72,NaN,NaN,NaN,10.50,NaN,0.2,200,500,69,57.3171,380,NaN,NaN,NaN,NaN
351.497,455,2287,1245600,42.3069,-83.686,20.43,NaN,NaN,NaN,10.50,NaN,0.2,200,500,39.5,57.3171,380,NaN,NaN,NaN,NaN
351.497,455,2287,1246600,42.3069,-83.686,14.32,NaN,NaN,NaN,10.50,NaN,0.2,200,500,39.5,57.3171,380,NaN,NaN,NaN,NaN
351.497,455,2287,1246700,42.3069,-83.686,14.32,NaN,NaN,NaN,10.50,NaN,0.2,200,500,28.5,57.3171,380,NaN,NaN,NaN,NaN
351.497,455,2287,1246900,42.307,-83.6858,14.32,NaN,NaN,NaN,10.50,NaN,0.2,200,500,28.5,57.3171,380,NaN,NaN,NaN,NaN
351.497,455,2287,1247600,42.307,-83.6858,8.91,NaN,NaN,NaN,10.50,NaN,0.2,200,500,28.5,57.3171,380,NaN,NaN,NaN,NaN
351.497,455,2287,1247700,42.307,-83.6858,8.91,NaN,NaN,NaN,10.50,NaN,0.2,200,500,13,57.3171,380,NaN,NaN,NaN,NaN
351.497,455,2287,1248700,42.307,-83.6858,4.31,NaN,NaN,NaN,10.50,NaN,0.2,200,500,13,57.3171,380,NaN,NaN,NaN,NaN
351.497,455,2287,1248800,42.307,-83.6858,4.31,NaN,NaN,NaN,10.50,NaN,0.2,200,500,4.5,57.3171,380,NaN,NaN,NaN,NaN
351.497,455,2287,1248900,42.307,-83.6858,4.31,NaN,NaN,NaN,10.50,NaN,0.2,200,500,4.5,57.3171,379,NaN,NaN,NaN,NaN
351.497,455,2287,1250000,42.307,-83.6858,0,NaN,NaN,NaN,10.50,NaN,0.2,200,500,4.5,57.6829,377.5,NaN,NaN,NaN,NaN
351.497,455,2287,1250100,42.307,-83.6858,0,NaN,NaN,NaN,10.50,NaN,0.2,200,500,-2.5,57.6829,377.5,NaN,NaN,NaN,NaN
351.497,455,2287,1250500,42.307,-83.6858,0,NaN,NaN,NaN,10.50,NaN,0.3,300,500,-2.5,57.6829,377.5,NaN,NaN,NaN,NaN
351.497,455,2287,1250600,42.307,-83.6858,0,NaN,NaN,NaN,10.50,NaN,0.3,300,0,-2.5,57.6829,377.5,NaN,NaN,NaN,NaN
351.497,455,2287,1252200,42.307,-83.6858,0,NaN,NaN,NaN,10.50,NaN,0.3,300,0,-2,57.6829,377.5,NaN,NaN,NaN,NaN
351.497,455,2287,1255300,42.307,-83.6858,0,NaN,NaN,NaN,10.50,NaN,0.3,300,0,-2.5,57.6829,377.5,NaN,NaN,NaN,NaN
351.497,455,2287,1259500,42.307,-83.6858,0,NaN,NaN,NaN,10.50,NaN,0.3,300,0,-0.5,57.6829,377.5,NaN,NaN,NaN,NaN
351.497,455,2287,1264700,42.307,-83.6858,0,NaN,NaN,NaN,10.50,NaN,0.3,300,0,-2,57.6829,377.5,NaN,NaN,NaN,NaN
351.497,455,2287,1267800,42.307,-83.6858,0,NaN,NaN,NaN,10.50,NaN,0.3,300,0,-2.5,57.6829,377.5,NaN,NaN,NaN,NaN
351.497,455,2287,1268800,42.307,-83.6858,0,NaN,NaN,NaN,10.50,NaN,0.3,300,0,-2,57.6829,377.5,NaN,NaN,NaN,NaN
351.497,455,2287,1270900,42.307,-83.6858,0,NaN,NaN,NaN,10.50,NaN,0.3,300,0,-0.5,57.6829,377.5,NaN,NaN,NaN,NaN
351.497,455,2287,1273000,42.307,-83.6858,0,NaN,NaN,NaN,10.50,NaN,0.3,300,0,-1,57.6829,377.5,NaN,NaN,NaN,NaN
351.497,455,2287,1274000,42.307,-83.6858,0,NaN,NaN,NaN,10.50,NaN,0.3,300,0,-0.5,57.6829,377.5,NaN,NaN,NaN,NaN
351.497,455,2287,1275100,42.307,-83.6858,0,NaN,NaN,NaN,10.50,NaN,0.3,300,0,-1,57.6829,377.5,NaN,NaN,NaN,NaN
351.497,455,2287,1276900,42.307,-83.6858,0,NaN,NaN,NaN,10.50,NaN,0.3,300,0,-1,57.6829,377.5,NaN,NaN,NaN,NaN
351.497,455,2287,1277300,42.307,-83.6858,0,NaN,NaN,NaN,10.50,NaN,0.3,300,0,-2,57.6829,377.5,NaN,NaN,NaN,NaN
351.497,455,2287,1278300,42.307,-83.6858,0,NaN,NaN,NaN,10.50,NaN,0.3,300,0,-4,57.6829,377.5,NaN,NaN,NaN,NaN
351.497,455,2287,1279000,42.307,-83.6858,7.73,NaN,NaN,NaN,10.50,NaN,0.3,300,0,-4,57.561,376,NaN,NaN,NaN,NaN
351.497,455,2287,1279100,42.307,-83.6858,7.73,NaN,NaN,NaN,10.50,NaN,0.3,300,0,-41.5,57.561,376,NaN,NaN,NaN,NaN
351.497,455,2287,1279500,42.307,-83.6858,7.73,NaN,NaN,NaN,10.50,NaN,0.4,400,0,-41.5,57.561,376,NaN,NaN,NaN,NaN
351.497,455,2287,1279900,42.307,-83.6857,7.73,NaN,NaN,NaN,10.50,NaN,0.4,400,0,-41.5,57.561,376,NaN,NaN,NaN,NaN
351.497,455,2287,1280000,42.307,-83.6857,16.01,NaN,NaN,NaN,10.50,NaN,0.4,400,0,-41.5,57.561,376,NaN,NaN,NaN,NaN
351.497,455,2287,1281000,42.307,-83.6857,25.35,NaN,NaN,NaN,10.50,NaN,0.4,400,0,-41.5,57.561,376,NaN,NaN,NaN,NaN
351.497,455,2287,1281200,42.307,-83.6857,25.35,NaN,NaN,NaN,10.50,NaN,0.4,400,0,-73,57.561,376,NaN,NaN,NaN,NaN
351.497,455,2287,1282100,42.307,-83.6857,32.22,NaN,NaN,NaN,10.50,NaN,0.4,400,0,-73,57.561,376,NaN,NaN,NaN,NaN
351.497,455,2287,1282200,42.307,-83.6857,32.22,NaN,NaN,NaN,10.50,NaN,0.4,400,0,-69.5,57.561,376,NaN,NaN,NaN,NaN
351.497,455,2287,1282900,42.3071,-83.6854,32.22,NaN,NaN,NaN,10.50,NaN,0.4,400,0,-69.5,57.561,376,NaN,NaN,NaN,NaN
351.497,455,2287,1283100,42.3071,-83.6854,38.48,NaN,NaN,NaN,10.50,NaN,0.4,400,0,-69.5,57.561,376,NaN,NaN,NaN,NaN
351.497,455,2287,1283300,42.3071,-83.6854,38.48,NaN,NaN,NaN,10.50,NaN,0.4,400,0,-74.5,57.561,376,NaN,NaN,NaN,NaN
351.497,455,2287,1284100,42.3071,-83.6854,38.48,NaN,NaN,NaN,10.50,NaN,0.4,400,0,-74.5,57.561,369.5,NaN,NaN,NaN,NaN
351.497,455,2287,1284200,42.3071,-83.6854,43.84,NaN,NaN,NaN,10.50,NaN,0.4,400,0,-74.5,57.561,369.5,NaN,NaN,NaN,NaN
351.497,455,2287,1284300,42.3071,-83.6854,43.84,NaN,NaN,NaN,10.50,NaN,0.4,400,0,-62.5,57.561,369.5,NaN,NaN,NaN,NaN
351.497,455,2287,1285200,42.3071,-83.6854,48,NaN,NaN,NaN,10.50,NaN,0.4,400,0,-62.5,57.561,369.5,NaN,NaN,NaN,NaN
351.497,455,2287,1286000,42.3072,-83.685,48,NaN,NaN,NaN,10.50,NaN,0.4,400,0,-62.5,57.561,369.5,NaN,NaN,NaN,NaN
351.497,455,2287,1286200,42.3072,-83.685,51.73,NaN,NaN,NaN,10.50,NaN,0.4,400,0,-62.5,57.561,369.5,NaN,NaN,NaN,NaN
351.497,455,2287,1286400,42.3072,-83.685,51.73,NaN,NaN,NaN,10.50,NaN,0.4,400,0,-57,57.561,369.5,NaN,NaN,NaN,NaN
351.497,455,2287,1287300,42.3072,-83.685,54.98,NaN,NaN,NaN,10.50,NaN,0.4,400,0,-57,57.561,369.5,NaN,NaN,NaN,NaN
351.497,455,2287,1287400,42.3072,-83.685,54.98,NaN,NaN,NaN,10.50,NaN,0.4,400,0,-49,57.561,369.5,NaN,NaN,NaN,NaN
351.497,455,2287,1288300,42.3072,-83.685,57.88,NaN,NaN,NaN,10.50,NaN,0.4,400,0,-49,57.561,369.5,NaN,NaN,NaN,NaN
351.497,455,2287,1288500,42.3072,-83.685,57.88,NaN,NaN,NaN,10.50,NaN,0.4,400,0,-44,57.561,369.5,NaN,NaN,NaN,NaN
351.497,455,2287,1288900,42.3073,-83.6845,57.88,NaN,NaN,NaN,10.50,NaN,0.4,400,0,-44,57.561,369.5,NaN,NaN,NaN,NaN
351.497,455,2287,1289100,42.3073,-83.6845,57.88,NaN,NaN,NaN,10.50,NaN,0.4,400,0,-44,57.561,378,NaN,NaN,NaN,NaN
351.497,455,2287,1289400,42.3073,-83.6845,58.04,NaN,NaN,NaN,10.50,NaN,0.4,400,0,-44,57.561,378,NaN,NaN,NaN,NaN
351.497,455,2287,1289500,42.3073,-83.6845,58.04,NaN,NaN,NaN,10.50,NaN,0.4,400,0,0,57.561,378,NaN,NaN,NaN,NaN
351.497,455,2287,1290400,42.3073,-83.6845,60.35,NaN,NaN,NaN,10.50,NaN,0.4,400,0,0,57.561,378,NaN,NaN,NaN,NaN
351.497,455,2287,1290600,42.3073,-83.6845,60.35,NaN,NaN,NaN,10.50,NaN,0.4,400,0,-43.5,57.561,378,NaN,NaN,NaN,NaN
351.497,455,2287,1291400,42.3073,-83.6845,62.75,NaN,NaN,NaN,10.50,NaN,0.4,400,0,-43.5,57.561,378,NaN,NaN,NaN,NaN
351.497,455,2287,1291600,42.3073,-83.6845,62.75,NaN,NaN,NaN,10.50,NaN,0.4,400,0,-44.5,57.561,378,NaN,NaN,NaN,NaN
351.497,455,2287,1291900,42.3074,-83.684,62.75,NaN,NaN,NaN,10.50,NaN,0.4,400,0,-44.5,57.561,378,NaN,NaN,NaN,NaN
351.497,455,2287,1292500,42.3074,-83.684,65.1,NaN,NaN,NaN,10.50,NaN,0.4,400,0,-44.5,57.561,378,NaN,NaN,NaN,NaN
351.497,455,2287,1292600,42.3074,-83.684,65.1,NaN,NaN,NaN,10.50,NaN,0.4,400,0,-45,57.561,378,NaN,NaN,NaN,NaN
351.497,455,2287,1293500,42.3074,-83.684,69.24,NaN,NaN,NaN,10.50,NaN,0.4,400,0,-45,57.561,378,NaN,NaN,NaN,NaN
351.497,455,2287,1293700,42.3074,-83.684,69.24,NaN,NaN,NaN,10.50,NaN,0.4,400,0,-42,57.561,378,NaN,NaN,NaN,NaN
351.497,455,2287,1294200,42.3074,-83.684,69.24,NaN,NaN,NaN,10.50,NaN,0.4,400,0,-42,57.561,372,NaN,NaN,NaN,NaN
351.497,455,2287,1294600,42.3074,-83.684,71.11,NaN,NaN,NaN,10.50,NaN,0.4,400,0,-42,57.561,372,NaN,NaN,NaN,NaN
351.497,455,2287,1294700,42.3074,-83.684,71.11,NaN,NaN,NaN,10.50,NaN,0.4,400,0,-43,57.561,372,NaN,NaN,NaN,NaN
351.497,455,2287,1295000,42.3076,-83.6833,71.11,NaN,NaN,NaN,10.50,NaN,0.4,400,0,-43,57.561,372,NaN,NaN,NaN,NaN
351.497,455,2287,1295600,42.3076,-83.6833,72.78,NaN,NaN,NaN,10.50,NaN,0.4,400,0,-43,57.561,372,NaN,NaN,NaN,NaN
351.497,455,2287,1295800,42.3076,-83.6833,72.78,NaN,NaN,NaN,10.50,NaN,0.4,400,0,-50.5,57.561,372,NaN,NaN,NaN,NaN
351.497,455,2287,1296600,42.3076,-83.6833,73.97,NaN,NaN,NaN,10.50,NaN,0.4,400,0,-50.5,57.561,372,NaN,NaN,NaN,NaN
351.497,455,2287,1297700,42.3076,-83.6833,74.94,NaN,NaN,NaN,10.50,NaN,0.4,400,0,-50.5,57.561,372,NaN,NaN,NaN,NaN
351.497,455,2287,1297800,42.3076,-83.6833,74.94,NaN,NaN,NaN,10.50,NaN,0.4,400,0,-47,57.561,372,NaN,NaN,NaN,NaN
351.497,455,2287,1298000,42.3078,-83.6827,74.94,NaN,NaN,NaN,10.50,NaN,0.4,400,0,-47,57.561,372,NaN,NaN,NaN,NaN
351.497,455,2287,1298700,42.3078,-83.6827,75.77,NaN,NaN,NaN,10.50,NaN,0.4,400,0,-47,57.561,372,NaN,NaN,NaN,NaN
351.497,455,2287,1299200,42.3078,-83.6827,75.77,NaN,NaN,NaN,10.50,NaN,0.4,400,0,-47,57.561,371,NaN,NaN,NaN,NaN
351.497,455,2287,1299800,42.3078,-83.6827,76.07,NaN,NaN,NaN,10.50,NaN,0.4,400,0,-47,57.561,371,NaN,NaN,NaN,NaN
351.497,455,2287,1299900,42.3078,-83.6827,76.07,NaN,NaN,NaN,10.50,NaN,0.4,400,0,-41.5,57.561,371,NaN,NaN,NaN,NaN
351.497,455,2287,1300800,42.3078,-83.6827,76.19,NaN,NaN,NaN,10.50,NaN,0.4,400,0,-41.5,57.561,371,NaN,NaN,NaN,NaN
351.497,455,2287,1300900,42.308,-83.6819,76.19,NaN,NaN,NaN,10.50,NaN,0.4,400,0,-41.5,57.561,371,NaN,NaN,NaN,NaN
351.497,455,2287,1301800,42.308,-83.6819,76.43,NaN,NaN,NaN,10.50,NaN,0.4,400,0,-41.5,57.561,371,NaN,NaN,NaN,NaN
351.497,455,2287,1302000,42.308,-83.6819,76.43,NaN,NaN,NaN,10.50,NaN,0.4,400,0,-46,57.561,371,NaN,NaN,NaN,NaN
351.497,455,2287,1303900,42.3082,-83.6812,76.2,NaN,NaN,NaN,10.50,NaN,0.4,400,0,-46,57.561,371,NaN,NaN,NaN,NaN
351.497,455,2287,1304100,42.3082,-83.6812,76.2,NaN,NaN,NaN,10.50,NaN,0.4,400,0,-42,57.561,371,NaN,NaN,NaN,NaN
351.497,455,2287,1304200,42.3082,-83.6812,76.2,NaN,NaN,NaN,10.50,NaN,0.4,400,0,-42,57.561,371.5,NaN,NaN,NaN,NaN
351.497,455,2287,1305000,42.3082,-83.6812,76.07,NaN,NaN,NaN,10.50,NaN,0.4,400,0,-42,57.561,371.5,NaN,NaN,NaN,NaN
351.497,455,2287,1305100,42.3082,-83.6812,76.07,NaN,NaN,NaN,10.50,NaN,0.4,400,0,-41,57.561,371.5,NaN,NaN,NaN,NaN
351.497,455,2287,1306000,42.3082,-83.6812,75.96,NaN,NaN,NaN,10.50,NaN,0.4,400,0,-41,57.561,371.5,NaN,NaN,NaN,NaN
351.497,455,2287,1306200,42.3082,-83.6812,75.96,NaN,NaN,NaN,10.50,NaN,0.4,400,0,-44,57.561,371.5,NaN,NaN,NaN,NaN
351.497,455,2287,1307000,42.3084,-83.6806,75.59,NaN,NaN,NaN,10.50,NaN,0.4,400,0,-44,57.561,371.5,NaN,NaN,NaN,NaN
351.497,455,2287,1307200,42.3084,-83.6806,75.59,NaN,NaN,NaN,10.50,NaN,0.4,400,0,-37.5,57.561,371.5,NaN,NaN,NaN,NaN
351.497,455,2287,1308100,42.3084,-83.6806,72.25,NaN,NaN,NaN,10.50,NaN,0.4,400,0,-37.5,57.561,371.5,NaN,NaN,NaN,NaN
351.497,455,2287,1308200,42.3084,-83.6806,72.25,NaN,NaN,NaN,10.50,NaN,0.4,400,0,38,57.561,371.5,NaN,NaN,NaN,NaN
351.497,455,2287,1309200,42.3084,-83.6806,70.06,NaN,NaN,NaN,10.50,NaN,0.4,400,0,38,57.561,371.5,NaN,NaN,NaN,NaN
351.497,455,2287,1309300,42.3084,-83.6806,70.06,NaN,NaN,NaN,10.50,NaN,0.4,400,0,-20,57.561,379,NaN,NaN,NaN,NaN
351.497,455,2287,1310000,42.3086,-83.6799,70.06,NaN,NaN,NaN,10.50,NaN,0.4,400,0,-20,57.561,379,NaN,NaN,NaN,NaN
351.497,455,2287,1310300,42.3086,-83.6799,69.47,NaN,NaN,NaN,10.50,NaN,0.4,400,0,-20,57.561,379,NaN,NaN,NaN,NaN
351.497,455,2287,1310400,42.3086,-83.6799,69.47,NaN,NaN,NaN,10.50,NaN,0.4,400,0,-15,57.561,379,NaN,NaN,NaN,NaN
351.497,455,2287,1311400,42.3086,-83.6799,68.64,NaN,NaN,NaN,10.50,NaN,0.4,400,0,-15,57.561,379,NaN,NaN,NaN,NaN
351.497,455,2287,1311500,42.3086,-83.6799,68.64,NaN,NaN,NaN,10.50,NaN,0.4,400,0,27,57.561,379,NaN,NaN,NaN,NaN
351.497,455,2287,1312400,42.3086,-83.6799,65.82,NaN,NaN,NaN,10.50,NaN,0.4,400,0,27,57.561,379,NaN,NaN,NaN,NaN
351.497,455,2287,1312600,42.3086,-83.6799,65.82,NaN,NaN,NaN,10.50,NaN,0.4,400,0,30,57.561,379,NaN,NaN,NaN,NaN
351.497,455,2287,1312900,42.3087,-83.6793,65.82,NaN,NaN,NaN,10.50,NaN,0.4,400,0,30,57.561,379,NaN,NaN,NaN,NaN
351.497,455,2287,1313500,42.3087,-83.6793,63.58,NaN,NaN,NaN,10.50,NaN,0.4,400,0,30,57.561,379,NaN,NaN,NaN,NaN
351.497,455,2287,1313600,42.3087,-83.6793,63.58,NaN,NaN,NaN,10.50,NaN,0.4,400,0,9.5,57.561,379,NaN,NaN,NaN,NaN
351.497,455,2287,1314400,42.3087,-83.6793,63.58,NaN,NaN,NaN,10.50,NaN,0.4,400,0,9.5,57.561,376.5,NaN,NaN,NaN,NaN
351.497,455,2287,1314500,42.3087,-83.6793,58.76,NaN,NaN,NaN,10.50,NaN,0.4,400,0,9.5,57.561,376.5,NaN,NaN,NaN,NaN
351.497,455,2287,1314600,42.3087,-83.6793,58.76,NaN,NaN,NaN,10.50,NaN,0.4,400,0,30.5,57.561,376.5,NaN,NaN,NaN,NaN
351.497,455,2287,1315600,42.3087,-83.6793,56.2,NaN,NaN,NaN,10.50,NaN,0.4,400,0,29.5,57.561,376.5,NaN,NaN,NaN,NaN
351.497,455,2287,1316000,42.3088,-83.6787,56.2,NaN,NaN,NaN,10.50,NaN,0.4,400,0,29.5,57.561,376.5,NaN,NaN,NaN,NaN
351.497,455,2287,1316600,42.3088,-83.6787,53.14,NaN,NaN,NaN,10.50,NaN,0.4,400,0,29.5,57.561,376.5,NaN,NaN,NaN,NaN
351.497,455,2287,1316700,42.3088,-83.6787,53.14,NaN,NaN,NaN,10.50,NaN,0.4,400,0,28,57.561,376.5,NaN,NaN,NaN,NaN
351.497,455,2287,1317600,42.3088,-83.6787,50.21,NaN,NaN,NaN,10.50,NaN,0.4,400,0,28,57.561,376.5,NaN,NaN,NaN,NaN
351.497,455,2287,1317700,42.3088,-83.6787,50.21,NaN,NaN,NaN,10.50,NaN,0.4,400,0,26.5,57.561,376.5,NaN,NaN,NaN,NaN
351.497,455,2287,1318700,42.3088,-83.6787,47.53,NaN,NaN,NaN,10.50,NaN,0.4,400,0,26.5,57.561,376.5,NaN,NaN,NaN,NaN
351.497,455,2287,1318800,42.3088,-83.6787,47.53,NaN,NaN,NaN,10.50,NaN,0.4,400,0,24.5,57.561,376.5,NaN,NaN,NaN,NaN
351.497,455,2287,1319000,42.309,-83.6782,47.53,NaN,NaN,NaN,10.50,NaN,0.4,400,0,24.5,57.561,376.5,NaN,NaN,NaN,NaN
351.497,455,2287,1319400,42.309,-83.6782,47.53,NaN,NaN,NaN,10.50,NaN,0.4,400,0,24.5,57.561,379,NaN,NaN,NaN,NaN
351.497,455,2287,1319700,42.309,-83.6782,41.88,NaN,NaN,NaN,10.50,NaN,0.4,400,0,24.5,57.561,379,NaN,NaN,NaN,NaN
351.497,455,2287,1319800,42.309,-83.6782,41.88,NaN,NaN,NaN,10.50,NaN,0.4,400,0,23,57.561,379,NaN,NaN,NaN,NaN
351.497,455,2287,1320800,42.309,-83.6782,33.19,NaN,NaN,NaN,10.50,NaN,0.4,400,0,60,57.561,379,NaN,NaN,NaN,NaN
351.497,455,2287,1321800,42.309,-83.6782,25.12,NaN,NaN,NaN,10.50,NaN,0.4,400,0,60,57.561,379,NaN,NaN,NaN,NaN
351.497,455,2287,1321900,42.3091,-83.6779,25.12,NaN,NaN,NaN,10.50,NaN,0.4,400,0,61,57.561,379,NaN,NaN,NaN,NaN
351.497,455,2287,1322800,42.3091,-83.6779,19.92,NaN,NaN,NaN,10.50,NaN,0.4,400,0,61,57.561,379,NaN,NaN,NaN,NaN
351.497,455,2287,1322900,42.3091,-83.6779,19.92,NaN,NaN,NaN,10.50,NaN,0.4,400,0,25,57.561,379,NaN,NaN,NaN,NaN
351.497,455,2287,1323900,42.3091,-83.6779,13.82,NaN,NaN,NaN,10.50,NaN,0.4,400,0,25,57.561,379,NaN,NaN,NaN,NaN
351.497,455,2287,1324000,42.3091,-83.6779,13.82,NaN,NaN,NaN,10.50,NaN,0.4,400,0,23,57.561,379,NaN,NaN,NaN,NaN
351.497,455,2287,1324400,42.3091,-83.6779,13.82,NaN,NaN,NaN,10.50,NaN,0.4,400,0,23,57.561,379.5,NaN,NaN,NaN,NaN
351.497,455,2287,1324900,42.3091,-83.6779,7.52,NaN,NaN,NaN,10.50,NaN,0.4,400,0,23,57.561,379.5,NaN,NaN,NaN,NaN
351.497,455,2287,1325000,42.3091,-83.6777,7.52,NaN,NaN,NaN,10.50,NaN,0.4,400,0,13,57.561,379.5,NaN,NaN,NaN,NaN
351.497,455,2287,1326000,42.3091,-83.6777,3.31,NaN,NaN,NaN,10.50,NaN,0.4,400,0,0,57.561,379.5,NaN,NaN,NaN,NaN
351.497,455,2287,1327000,42.3091,-83.6777,0,NaN,NaN,NaN,10.50,NaN,0.4,400,0,0,57.0732,379.5,NaN,NaN,NaN,NaN
351.497,455,2287,1327100,42.3091,-83.6777,0,NaN,NaN,NaN,10.50,NaN,0.4,400,0,0,57.0732,377,NaN,NaN,NaN,NaN
351.497,455,2287,1327200,42.3091,-83.6777,0,NaN,NaN,NaN,10.50,NaN,0.4,400,0,-2,57.0732,377,NaN,NaN,NaN,NaN
351.497,455,2287,1328200,42.3091,-83.6777,0,NaN,NaN,NaN,10.50,NaN,0.4,400,0,-2.5,57.0732,377,NaN,NaN,NaN,NaN
351.497,455,2287,1331300,42.3091,-83.6777,0,NaN,NaN,NaN,10.50,NaN,0.4,400,0,-1,57.0732,377,NaN,NaN,NaN,NaN
351.497,455,2287,1333400,42.3091,-83.6777,0,NaN,NaN,NaN,10.50,NaN,0.4,400,0,-0.5,57.0732,377,NaN,NaN,NaN,NaN
351.497,455,2287,1334400,42.3091,-83.6777,0,NaN,NaN,NaN,10.50,NaN,0.4,400,0,-1,57.0732,377,NaN,NaN,NaN,NaN
351.497,455,2287,1335500,42.3091,-83.6777,0,NaN,NaN,NaN,10.50,NaN,0.4,400,0,-0.5,57.0732,377,NaN,NaN,NaN,NaN
351.497,455,2287,1337200,42.3091,-83.6777,0,NaN,NaN,NaN,10.50,NaN,0.4,400,0,-0.5,57.0732,377.5,NaN,NaN,NaN,NaN
351.497,455,2287,1338600,42.3091,-83.6777,0,NaN,NaN,NaN,10.50,NaN,0.4,400,0,-2,57.0732,377.5,NaN,NaN,NaN,NaN
351.497,455,2287,1344800,42.3091,-83.6777,0,NaN,NaN,NaN,10.50,NaN,0.4,400,0,-0.5,57.0732,377.5,NaN,NaN,NaN,NaN
351.497,455,2287,1351100,42.3091,-83.6777,0,NaN,NaN,NaN,10.50,NaN,0.4,400,0,-2,57.0732,377.5,NaN,NaN,NaN,NaN
351.497,455,2287,1355000,42.3092,-83.6777,0,NaN,NaN,NaN,10.50,NaN,0.4,400,0,-2,57.0732,377.5,NaN,NaN,NaN,NaN
351.497,455,2287,1356300,42.3092,-83.6777,0,NaN,NaN,NaN,10.50,NaN,0.4,400,0,-0.5,57.0732,377.5,NaN,NaN,NaN,NaN
351.497,455,2287,1362600,42.3092,-83.6777,0,NaN,NaN,NaN,10.50,NaN,0.4,400,0,-2,57.0732,377.5,NaN,NaN,NaN,NaN
351.497,455,2287,1367800,42.3092,-83.6777,0,NaN,NaN,NaN,10.50,NaN,0.4,400,0,-2.5,57.0732,377.5,NaN,NaN,NaN,NaN
351.497,455,2287,1368800,42.3092,-83.6777,0,NaN,NaN,NaN,10.50,NaN,0.4,400,0,-0.5,57.0732,377.5,NaN,NaN,NaN,NaN
351.497,455,2287,1372400,42.3092,-83.6777,0,NaN,NaN,NaN,10.50,NaN,0.4,400,0,-0.5,57.0732,378,NaN,NaN,NaN,NaN
351.497,455,2287,1375000,42.3092,-83.6777,0,NaN,NaN,NaN,10.50,NaN,0.4,400,0,-2,57.0732,378,NaN,NaN,NaN,NaN
351.497,455,2287,1377100,42.3092,-83.6777,0,NaN,NaN,NaN,10.50,NaN,0.4,400,0,-4,57.0732,378,NaN,NaN,NaN,NaN
351.497,455,2287,1377400,42.3092,-83.6777,0,NaN,NaN,NaN,10.50,NaN,0.4,400,0,-4,57.0732,377.5,NaN,NaN,NaN,NaN
351.497,455,2287,1377900,42.3092,-83.6777,0,NaN,NaN,NaN,10.50,NaN,0.4,400,0,-4,57.0732,377.5,NaN,NaN,NaN,NaN
351.497,455,2287,1378000,42.3092,-83.6777,10.31,NaN,NaN,NaN,10.50,NaN,0.4,400,0,-4,56.9512,377.5,NaN,NaN,NaN,NaN
351.497,455,2287,1378100,42.3092,-83.6777,10.31,NaN,NaN,NaN,10.50,NaN,0.4,400,0,-4,56.9512,374,NaN,NaN,NaN,NaN
351.497,455,2287,1378200,42.3092,-83.6777,10.31,NaN,NaN,NaN,10.50,NaN,0.4,400,0,-64.5,56.9512,374,NaN,NaN,NaN,NaN
351.497,455,2287,1378300,42.3092,-83.6777,10.31,NaN,NaN,NaN,10.50,NaN,0.4,400,0,-64.5,56.9512,374,NaN,NaN,NaN,NaN
351.497,455,2287,1378800,42.3092,-83.6777,10.31,NaN,NaN,NaN,10.50,NaN,0.45,450,0,-64.5,56.9512,374,NaN,NaN,NaN,NaN
351.497,455,2287,1379000,42.3092,-83.6777,19.5,NaN,NaN,NaN,10.50,NaN,0.45,450,0,-64.5,56.9512,374,NaN,NaN,NaN,NaN
351.497,455,2287,1380100,42.3092,-83.6777,28.33,NaN,NaN,NaN,10.50,NaN,0.45,450,0,-64.5,56.9512,374,NaN,NaN,NaN,NaN
351.497,455,2287,1380400,42.3092,-83.6777,28.33,NaN,NaN,NaN,10.50,NaN,0.45,450,0,-92.5,56.9512,374,NaN,NaN,NaN,NaN
